Fusobacterium_nucleatum_subsp._polymorphum_ATCC_10953_NC_009506.1
1 11934
Fusobacterium_nucleatum_subsp._polymorphum_ATCC_10953_NZ_CM000440.1
1 29381
29482 43794
43895 117998
118561 181898
181999 210312
210886 251231
251809 261669
262274 269206
269746 276125
276648 279858
279959 280128
280694 324749
324850 338770
338871 341705
342105 348764
349371 349560
349764 351776
351877 366948
367028 390045
390477 399616
400025 442629
443213 451548
452388 502707
503357 518346
519740 526895
527007 536708
537226 545383
545888 601608
602256 649267
649518 652235
653628 678559
679190 696142
696657 732470
733075 745947
746469 767575
767676 861808
862460 882931
883228 1100073
1100619 1183866
1184375 1192403
1193090 1226920
1227730 1256370
1256883 1258105
1258835 1307292
1307872 1339675
1340216 1380836
1381346 1385773
1385775 1405690
1406321 1509046
1509176 1527253
1527945 1537368
1537979 1550505
1551037 1579758
1579950 1580149
1580518 1620883
1620996 1622399
1623172 1630681
1630782 1647086
1647742 1917498
1918016 1979866
1980393 2017980
2018081 2112365
2112744 2117730
2118312 2296186
2296690 2300759
2300860 2308255
2308854 2373825
2374101 2398115
2398966 2399447
2399548 2427551
2427971 2429598
