COG_category	Cooling	Mature	Mesophilic	Thermophilic
A	7967.139	7301.7155	2527.319	1250.34475
AB	11	10	0	0.25
ABO	4.25	9.28125	3.5	0
AD	12.77975	18.75	6.5	0
ADK	31.3395	59.0515	12.09825	0.75
ADL	10.814	16.25	43.6885	5.8535
AEIJ	0	0	0.75	0
AF	0.25	0	2.75	0
AG	0.25	0	0	0
AJ	438.75125	449.601	104.1755	519.121
AK	2.5	3.5	0.75	0.5
AL	27.6055	17.6105	1.9205	2
AO	2.5	3.5	0.25	0
AT	56.899	61.14475	16	1.5
ATY	9	22.5	1.75	0.25
AV	2.75	0.5	107.96475	9.74975
B	1872.791	1681.48475	584.78	286.47825
BD	141.85525	197.12025	96.3285	7.75
BDK	1.5	0	0	0
BDL	34	39	24.25	1.5
BDLT	271.306	213.7665	381.26525	4.813
BDLTU	261.408	235.87525	57.33625	84.85125
BDT	1	0.25	0	0
BK	712.13825	1120.23525	387.9565	610.22525
BKL	16.75	12.75	0	0.25
BKQ	27.78825	18.60525	14.10275	4.75825
BL	24.25	33.40425	19.8555	0.25
BO	0.75	0.5	0	0
BOT	0	0.25	0	0
BQ	4655.3255	3913.3915	2849.60975	4342.9555
BT	33.26575	36.09425	5.5	0.75
C	1000493.577	942345.3578	747739.8105	1027659.287
CD	8.60475	39.33625	1	0
CDZ	1.5	39.10375	4.25	0
CE	13636.72575	12208.80675	9482.56075	14150.309
CEF	0	1.75	0	0
CEG	75.859	166.639	6.5	1
CEGO	3.18875	48.503	1.75	0.25
CEH	344.6405	488.35075	127.60525	104.37025
CEK	1.25	1.5	50.33	0
CET	7.4325	5.46225	0.5	1
CF	416.316	440.64625	786.001	250.96525
CFO	5.53075	2.2035	0.25	0
CG	12708.2895	20783.69425	1169.22575	1359.67525
CGM	2.29375	4.415	0.25	0
CH	20559.666	20412.96525	14032.32525	11686.42025
CHIKQ	0.5	0.75	1.5	0.25
CHJ	4	1.25	23.75	16.75
CHQ	23.78125	15.461	59.11	14.76075
CHT	24.7675	102.0505	21.3705	8.12425
CI	2713.40925	3215.56575	684.294	743.07925
CIQ	4.5	15.75	10.75	4.25
CJ	1102.12325	1172.8385	638.27925	847.32475
CJQ	3.5	12.91175	17.75	17.25
CK	1708.016	1283.21725	490.3225	512.6125
CKT	0	1.05175	15.0835	6.75
CL	75.47275	217.32825	13.839	1.25
CM	577.52425	226.4125	32.90475	42.70825
CMN	0.5	6.09975	0.25	0
CMO	90.12525	5.5	0	0
CMT	3.25	11.04925	3.87675	0.25
CNT	75.5	9.5	0.5	85.67825
CNU	483.9915	218.04	5.621	1.25
CO	38048.9555	41507.81025	15593.80925	21184.53675
COP	74.1445	42.13425	2.25	0.25
COT	0.25	22	15.8955	3
COTV	0	0.75	0	0
CP	43373.6505	34324.643	20454.54075	41777.19625
CQ	5551.8675	3231.26475	930.361	818.21125
CT	457.53675	507.53625	107.164	469.319
CU	3.75	7.5	37	0
D	230114.2038	188852.1558	255477.5905	354056.8428
DE	6.25	6	0	0
DEGMUZ	80.02375	92.16475	13.02675	1.25
DENZ	12.15125	6.25	7.75	93.744
DEOZ	251.94425	44.9375	8.25	2.25
DEZ	5.75	127.37125	2.25	0
DF	38.5705	19.87725	3.25	65.5
DFJ	90.2425	88.67775	9.5	2.25
DFL	157.16925	52.4055	5.01125	0
DG	52.5	25.5	97.29875	324.8545
DGMZ	1	0	0	0
DGZ	16	0.75	0	0
DHK	0	4.25	0.25	0
DHM	0	6.06075	0	0
DIOT	0	0	1	0.25
DJ	228.16075	473.88275	581.5385	163.348
DJL	0.25	0	0	1.25
DJO	0.25	0	0	0
DK	60.905	48.74075	17.56625	9.719
DKL	21.2035	16.5	5.75	0
DKLT	6.75	7	0	0
DKLTZ	23.47975	33.2165	3	0
DKMT	0	0	7.75	0.5
DKT	494.7885	308.97575	31.2665	85.1035
DL	924.44725	895.18525	210.58375	166.71675
DM	10665.00625	7314.14875	2948.96925	2158.833
DMNUW	243.3585	61.75	2.75	3.75
DMO	0.5	0.5	0	0
DMQZ	0.5	1.25	0	0
DMU	6.25	2.25	0	0.5
DMUZ	268.7335	79.7435	69.8385	334.61
DMZ	808.6635	196.61175	28.917	706.6525
DN	221.19725	63.7985	43.07475	429.29175
DNT	0	2	0.25	0
DNU	106	311	178.63975	133.5435
DNZ	73.3945	19.5	12.136	8.623
DO	407.9735	302.15175	102.78475	23.9715
DOTZ	0.75	18.8425	0.25	0.75
DOZ	187.02225	108.60725	9.926	1.51575
DP	7.75	13.008	10.5	0.75
DPT	0	3.5	0	0
DT	1331.84175	1448.068	301.9035	191.33325
DTZ	1210.03125	946.84925	126.893	201.19825
DU	33.805	35.19275	13.25	4.75
DUZ	60.599	20.03175	36.5	26.2645
DV	266.55825	53.15775	511.56225	4.53275
DY	1	1.25	0	0
DZ	22786.72325	22347.721	6676.84925	17532.6665
E	1050838.359	957337.2433	890681.4683	1180739.99
EF	8515.7945	9960.96775	2826.70275	6427.773
EFGP	36.3275	36.96	17.40425	9.749
EFQ	37.25	15.54875	2	0.75
EG	40802.55625	33971.64325	50568.54725	64326.522
EGH	1.5	1.25	0	0.25
EGHP	19.25	70.25	4	0
EGIP	12.5975	10.98025	2	0.25
EGIPQ	0.75	2.75	0	0
EGKLT	0	3.25	4.094	1
EGKP	13.009	8.3235	1	0.25
EGM	97.658	56.154	17.91475	7
EGMP	52.196	13.741	4.25	12.88975
EGN	16.88075	11.75	3.6015	120.70425
EGO	7.25	3	0	0
EGP	69306.19025	63904.7905	106179.955	84790.304
EGPT	6.5845	3	2.4345	0
EGT	1	0.25	0	0
EH	44440.8415	40840.465	35991.5545	38702.38025
EHJ	33.2345	58.91125	10.332	3.5
EHP	0	2	3.75	0
EI	7166.0695	8163.38975	8511.18	8625.64275
EIJ	0	0	14.5	0
EIOV	21.2605	22.5	5.75	0.5
EIP	2	0.5	0	0
EJ	2351.4775	1530.333	4077.9935	3721.1685
EJM	12.675	7.849	12.6865	43.545
EK	2926.3335	2683.21375	1854.51025	2741.157
EKLT	0.25	3.25	0	0
EKT	52.25	32.7885	2.5	0
EL	125.56375	57.02175	472.72375	216.6645
ELM	15.25	4.5	0	0
EM	5350.29025	4366.71575	3753.009	8040.95425
EMQ	1.75	1.75	0	0
EMT	95.41075	32.9395	1.75	37.6465
EN	5.5	5.75	18.5	155.37375
ENT	135.94875	62.50175	488.3495	757.806
EO	235.25	313.23775	77.23275	147.77575
EP	18907.82	17237.27725	16565.8115	25556.18775
EPT	63.75	46.691	8.25	11.25
EQ	15848.7145	14326.9515	14342.42575	24148.6915
ET	9207.3565	7572.45975	15526.6325	13838.90175
EU	19860.28125	16727.12675	2951.00625	6028.55225
EUW	10.0775	39.63575	5.2495	0
EV	25.02975	22.47475	13.41475	7.5
F	377798.1575	325018.5483	439928.9413	502321.0683
FG	3430.81925	2977.94775	3306.7605	3062.73
FGL	16.2735	12.91225	1.75	3.38025
FGMQ	14	18.75	10.25	2.75
FGP	0	0	0	2.5
FGQ	6.5	4	1.25	0
FGV	5.79575	0.5	1	0
FH	634.29775	420.11225	1736.3055	432.8705
FI	5	8	3.45825	0
FIM	17.49875	30.45525	0	0
FJ	4725.4195	4179.12	2905.4795	5553.2825
FJK	1	0	0	0
FK	110.55875	36.84125	135.68175	35.521
FL	1494.1625	1201.643	468.054	1097.357
FM	1.25	1	8.63775	28.24725
FO	21.60825	3.5	35.5925	109.17625
FP	5499.8275	5105.4895	5213.4705	3710.31875
FPT	8.5	2.25	0.5	0
FQ	19.7775	21.94675	24.25	5.1715
FT	8.25	11.5	7.93175	0.75
FY	3.25	9.25	0.25	0
G	777845.1925	744317.416	699319.4073	967837.5433
GH	105.044	155.3965	1001.67675	11.25
GHM	5.75	4.3555	126.23075	7.25
GI	31.24525	10.25	47.86775	477.12125
GIM	108.703	42.51175	116.339	103.7405
GIQ	209.85925	31.8205	27.75	401.08525
GIV	5.75	0	0	0
GJ	33.25	3.5	5.8505	9.7675
GJM	1244.70475	320.02175	533.995	3132.436
GK	9285.999	8285.03775	12363.847	13863.4745
GKLMT	20.6045	0.70875	0	7.75
GKLT	0.25	7.66725	0	0
GKQ	5	0	66.236	7.11225
GKT	827.6345	418.661	3955.165	3104.063
GL	293.72525	267.6165	41.22175	164.365
GM	53710.0015	52123.02	36171.03925	29194.762
GMN	222.65425	17.215	4.5	52.3035
GMNQU	0	10.14625	0	0
GMO	62.485	197.76025	58.11025	1.75
GMOU	134.9845	264.371	10.5	9.25
GMPQ	1.25	12.718	1	0
GMQ	12.595	25.29225	4.5	0.5
GMT	3.25	1.75	48.1705	120.7355
GMU	0.75	0	0	0
GMV	4.74925	7	0.5	1.27375
GMW	2.75	3.4825	0	0
GN	912.276	690.574	1587.85425	1183.65025
GNT	132.39725	14.552	24	326.508
GNU	0	1.25	0	0
GO	2202.2775	919.77625	70.819	62.4575
GOQ	6.41025	25	1.25	0
GOT	41.03075	97.11075	1.75	1.25
GOU	7	7.25	0.25	0.5
GP	605.5985	704.7775	36.5605	149.8035
GPT	0	0.75	0	0
GPU	7.84975	4.31525	1.25	0
GQ	176.348	384.885	136.5895	29.787
GT	3130.93575	1952.682	4539.70975	3214.95475
GU	29.428	101.6225	0.5	0.75
GUW	230.84075	180.67625	23.5	0.75
GV	723.3505	804.55375	167.43125	80.83
H	520319.9028	473888.1098	406432.1318	534890.6643
HI	1245.06775	705.3085	749.757	795.0275
HIQ	0	4	0	0
HJ	12874.996	9541.124	11747.92425	31435.111
HJK	611.21	565.36925	168.757	88.17175
HJM	1133.4765	984.35375	988.01375	1176.502
HJO	105.40975	59.92525	8	3
HK	1537.09325	1337.582	902.56475	2521.8185
HKLT	8.21175	1.75	7.75	1
HKT	7.25	6.25	1	7.75
HL	731.44325	478.50425	38.78675	127.3175
HLP	6.787	0	2.25	1.75
HLT	18.61575	9.5	0	0
HM	916.37325	697.918	47.25275	6.75
HMU	2.189	2.291	0.25	3
HO	12.25	44.1235	3.25	1.75
HP	12098.14625	11157.94925	5771.2555	10254.127
HPT	149.45525	89.7175	4.8775	0
HQ	1711.544	1303.754	2450.37675	3841.13725
I	409562.2015	389524.8365	307586.576	374062.26
IJ	51.65325	95.518	12.25	0
IJM	542.018	134.14125	241.4275	1567.1325
IJT	38.83725	30.43525	11.25	0
IK	192.3745	358.1595	39.726	4.75
IKOT	7.75	7.25	0.75	0.5
IKT	16.2115	17.14625	12.75	0.75
IL	11.8035	8.42775	0.75	10.86975
IM	6697.98625	5999.781	3694.93275	6447.42225
IMO	12.5	22	4.25	0.75
IMQ	0.25	0.75	0	0
IMU	0.5	0	0.5	0
IMV	4.72375	0.75	0.13675	0.75
IN	954.6465	341.2925	207.5495	288.5975
IO	11.21925	14.7755	2.25	0.75
IOQU	0.25	2.869	0	0
IOT	19.7515	19	1	0.75
IP	107.303	94.98575	15.24475	10.86325
IQ	113057.8855	107253.7493	85156.597	107557.905
IQT	0.75	28.80325	5.4445	0.5
IQU	336.686	83.95975	3	0
IT	316.2705	381.16075	122.5925	9.0185
ITU	1.5	1	0	0
IU	6097.5125	4735.9015	718.3065	1676.89075
IV	6.77625	0.75	1.11325	0.5
IZ	5.2955	1.25	0	0
J	724514.1525	651886.7328	667036.8715	853039.529
JK	365.8095	415.2615	253.3105	859.461
JKL	5605.48675	3969.10675	7762.1835	3832.952
JL	122.25625	112.26525	269.563	81.451
JM	6013.056	5870.6745	3459.4315	4806.71675
JMQU	278.403	113.46575	97.578	3.638
JMU	7.5485	4.8555	0	0
JO	12	17.25	0	0.25
JOU	32.1335	1.25	0	25.5
JP	9.75	1	3.25	30.79075
JPQ	0.75	3.75	0.25	0
JQ	7.5	3.25	5.75	0.25
JT	10.25	15.75	2	0
JU	6	9.25	7.25	0.75
JUY	20.5	15.75	8.25	0
K	568712.0875	508496.1335	661500.745	770402.2333
KL	21947.20325	15888.817	18471.76375	23651.941
KLMT	25.75	51.62225	2	0.5
KLNT	3	0	0	0
KLNTU	0.25	0	0.25	0
KLO	107.212	98.1475	20	30.30975
KLOT	36.5	25	2.75	2
KLPT	28.75	13	0.25	0
KLT	77901.112	83752.24075	19364.639	31917.594
KLTU	506.41875	1117.93575	20.8545	30.25
KLTV	57.80875	12.927	2	17.75
KLV	73.18825	40.75375	5.5	3.5
KM	31.18525	37.31875	9.369	1
KMO	1	0	0	0
KMT	208.67275	838.108	374.7675	383.8005
KMTU	0.75	0.5	1	3.75
KNT	472.26575	243.02175	29.9675	16.217
KNTU	5.1325	5.1925	0.5	0
KNU	375.41175	157.226	292.1695	686.5195
KO	729.59975	807.448	1168.40725	1069.68575
KOT	745.833	629.209	978.581	1346.43275
KP	151.00225	151.34275	37.21025	113.97725
KPT	78.43875	42.147	1	15
KQ	2395.605	1896.83325	4696.2475	5286.056
KT	69817.726	60472.51425	60317.983	109750.5323
KTU	73.69875	102.78925	16	6.75
KTV	21.5255	4.25	22.5	32.77525
KU	1983.837	876.95	103	603.64625
KV	19.0655	2.5	30.355	4.47525
L	1312297.854	1045411.348	1766783.368	2173672.709
LM	385.23625	183.1205	3310.979	286.527
LMNU	85.123	229.8885	4.17925	4.24175
LN	52.25	10.52575	9.18775	0.25
LNU	57.10875	126.004	5.5	0
LO	4201.929	3178.80275	6931.41425	11838.035
LP	163.04925	66.613	0.75	0
LT	196.26125	173.10875	43.799	27.84925
LU	4725.12425	3772.38875	4565.9515	6440.0595
LV	3367.91925	1626.6005	2922.5345	2681.1145
M	1165265.591	1215929.974	813161.0743	983285.7555
MN	313.51675	183.426	56.9215	107.70825
MNO	437.81025	300.74325	168.81125	642.63825
MNOQ	3.75	15.66875	0.5	0
MNOU	410.917	346.0855	34.41725	127.1315
MNU	772.063	1006.103	347.4595	398.35375
MNUV	0	1	0.25	0.75
MO	891.98	655.99	124.47725	399.82
MOP	15.3755	8.317	0.25	0
MOQ	69.2865	244.98325	38	4
MOT	107.0265	90.86675	29.482	41.956
MOU	1.5995	4	0.25	0
MP	2883.8485	3213.7885	298.39525	256.99725
MPT	11	13.6175	0	0
MPU	170.30775	243.31825	11.5855	0.25
MQ	1315.874	1576.80175	275.57125	757.15725
MQU	399.50175	1088.479	28.2195	0.75
MT	940.8765	827.26675	455.24775	2401.9875
MTU	3.25	9.31625	0.5	0
MU	47916.01675	60586.88225	16532.535	17450.17625
MUW	781.569	1986.47925	65.92475	6
MV	1625.87825	1283.107	542.3065	1206.0065
MW	29.5	16	12.25	0
N	150472.51	118034.5235	104119.864	212894.562
NO	1320.089	16066.1735	300.61	260.47
NOT	180.6115	43.75	2404.32575	1845.1875
NOU	3739.907	2870.6795	5295.96725	6292.07775
NP	142.6255	69.274	8.759	22.70925
NPT	118.39925	251.354	12.70375	99.192
NPTU	547.589	582.357	618.30225	18.88675
NPU	0	1	1.5	0
NQ	13.564	16.5	9.7445	6.75
NQU	1.25	0.5	0	0
NT	56404.8325	36531.93475	71905.95425	132898.584
NTU	168.9245	57.951	123.5605	542.21975
NU	124239.3785	122225.296	64669.099	59200.52275
NUV	20.9345	4.446	1	1.5
NV	0	0.75	1.443	2.75
O	556771.9248	541262.565	352044.55	478935.5785
OP	1089.78925	382.862	1164.13775	1680.0535
OPTVW	0.75	0	0	0
OPU	10.25	11.75	3	0.25
OQ	716.1615	1270.023	95.345	7.31
OT	3743.87825	3666.2495	632.66225	518.52125
OTU	13	17.25	3	0
OU	18111.267	14952.0375	12644.67425	21726.5565
OV	82.3475	79.627	11.31625	0.75
OVW	0	1.5	0	0
OW	36.20475	32.60175	4	16.74625
P	841273.203	781320.2315	666740.216	802016.9855
PQ	923.992	901.06925	574.59825	550.549
PQV	0	0	0	10.9125
PT	14571.16275	12628.298	2446.8195	570.57375
PU	37.4735	44.982	8.21175	2
PV	36.525	23.17775	3	1.68525
PZ	0	0.75	0.934	0
Q	233053.9615	238725.8108	109424.8528	124477.274
QT	2002.41375	1348.49175	5347.7305	6829.98325
QU	7694.041	4678.46175	451.907	902.207
QUW	2.25	21.428	2	0
QV	47.076	44.1305	9.95275	2.76675
S	2480868.556	2330101.872	2380581.217	2968697.777
T	640988.4583	642052.6788	350393.1165	463301.8718
TU	887.64625	746.10525	152.72225	130.08125
TUZ	4.5	4	1.5	0
TV	924.98375	538.899	39.75	7.25
TW	27.75	39.41275	6	0.5
TZ	127.2475	153.91125	95.669	3
U	264703.3315	296542.7483	203551.8813	204122.8323
UW	8650.81125	14738.3445	2615.0505	4289.178
UY	293.928	354.03975	234.96025	9.25
UZ	20.7725	22.293	15.75	0.25
V	397905.4538	340945.5113	328905.2358	398288.956
VW	10.97775	72.5955	12	0.5
W	216.4655	422.2235	23.3405	36.45375
Y	24.16	24.93525	4.5	0.25
Z	2478.1025	2211.845	596.99	199.232
