Genus	A17	B22	EA48	EB01	EB02	EB13	EB17	G01	M01	P01	P22	YA04	YA23	YB31	YB43	YB54	YB56	Z16
unclassified	5.67865	33.02824	26.99336	11.04061	12.51839	8.48506	16.89963	15.75479	2.4879	21.06268	11.09932	4.88376	29.81547	14.68525	10.56742	34.48557	12.19572	87.51951
g__Blautia	0.92971	0.6029	4.05799	2.80263	2.80474	3.58345	4.64467	0	0.01762	0	0.00049	39.818	39.81911	30.52039	44.75936	23.65143	36.4747	0.58408
g__Escherichia	31.48258	24.41587	1.73334	1.28471	0.02063	0.10158	0.01815	64.84201	43.83537	32.57584	20.026	0.01644	0.12172	0.25789	0.00664	0.68867	1.46357	0.01799
g__Faecalibacterium	0.00317	0.57803	12.09273	12.55099	8.80809	13.0577	10.11596	0.37322	1.62551	4.31197	0	0.01385	6.21893	0.84189	0.27189	13.6401	9.5511	13.12953
g__Gemmiger	0	3.87122	1.81386	4.64064	3.26421	4.11324	7.59567	3.62826	2.18748	0.12099	8.31471	5.27679	12.70956	12.05937	0	3.63753	25.57566	2.18451
g__Prevotella	0.43564	0.88959	7.13072	11.8318	20.24883	15.62059	6.8402	0.02318	0.02538	2.52027	0.01063	0	0.35504	1.20988	0	1.15585	0.44082	0.45098
g__Mediterraneibacter	7.43974	1.74657	0.46782	5.1872	2.29593	5.91003	5.29778	0.00288	0.07926	0	0.08804	5.95504	5.58161	0.80043	4.97438	4.67046	0.58677	1.39692
g__Ruminococcus	0.08798	0.06004	4.28635	0.92469	3.51699	0.35639	3.04478	0.0173	0.16452	0.00507	0.02753	7.64485	3.39542	6.7901	15.55597	1.92357	3.01822	1.33353
g__Phocaeicola	5.88434	2.42347	0.94331	1.35688	3.0974	10.16191	7.54801	0	0.40534	3.92196	6.99594	0.0229	0.10517	0.2196	0.45928	0	0.01488	3.45267
g__Alistipes	21.22808	0.64988	1.43491	0.79988	0.17511	0.23209	0.60071	2.18054	4.05478	6.62647	3.54313	0	0.18278	0	0	0.01025	0.05896	0.05799
g__Anaerobutyricum	0.08016	0.00025	0.67509	0.64344	0.87541	0.7665	0.25472	0	0	0	0	6.109	4.29699	5.06199	7.90829	3.53001	6.38517	0.02822
g__Roseburia	0.11924	0.23974	2.54674	11.11354	3.83671	4.31795	7.76099	0	0.01655	0.20611	0	0	0	0.12157	0	0.54568	0.12211	3.65745
g__Bacteroides	10.80294	2.22391	0.85631	0.32251	1.294	2.67906	2.83898	0.05924	6.77715	3.30262	0.73359	0.01688	0.00597	0.00814	0.17251	0	0	0.02421
g__Bifidobacterium	0.01197	0	0.00769	0	0	0.06429	0	0.12781	0.04126	0	0.65582	4.28378	2.16509	0	14.13118	5.02079	5.07195	0.21766
g__Collinsella	0	0.41605	0.90221	1.94698	0.39947	1.07225	1.22362	0.70054	0.03162	0	2.22379	5.89487	2.00996	5.38778	0	4.55422	1.72331	1.26673
g__Klebsiella	0.08019	1.0923	2.41273	9.92843	0	0.13378	8.31012	0.00995	0	3.83673	2.17541	0	0.13131	0	0	0.01003	0.27862	0.06711
g__Dorea	0.35714	0.04156	1.44014	0.65408	1.25271	1.57764	1.14784	0	0	0	0	4.49871	3.1409	4.94822	2.0076	2.60953	3.57689	0.14733
g__Fusicatenibacter	0	0.53963	0.41842	0.51594	1.3979	4.27908	2.25552	0	0.00967	0	0	0	2.24091	3.16403	1.76236	5.44875	4.97764	0.3414
g__GGB9581	0	12.10609	0.2808	0.28046	0	0.00072	0	2.14948	5.42795	4.53645	0	0	0	0	0	0	0	0
g__Megamonas	0	0	0	0.93336	1.29015	1.90899	0.04514	0	0	0.19302	0	0	0	0.14402	0.01534	0.24095	1.5713	17.26986
g__Clostridium	0.65878	0.60874	3.8891	4.13903	2.04423	2.22568	3.40277	0	0.80859	0.02032	0	0	0.00408	0.05024	0.26528	1.32776	0.31072	2.98378
g__Streptococcus	1.50378	0.01429	0.07657	0.09619	0.12777	0.38786	0.00523	0	0	0	0.00455	3.16733	9.43671	3.88506	0.34507	1.15535	1.21573	0.24842
g__GGB1239	0	0	0	0.09669	19.95374	0.24194	0.28334	0	0	0	0	0	0	0	0	0	0	0.06492
g__GGB9708	1.87526	2.83489	0.00402	0.11781	0	0	0	0.10188	5.08062	1.08042	8.72482	0	0	0	0	0	0	0.28532
g__Holdemanella	0.382	0.5713	0.61555	0.79621	0.70526	2.45683	1.3032	0	0	0	0	0	3.00982	8.61984	0	0	0	0
g__Anaerostipes	0	0	0.20061	0.14079	0.5199	0.31012	0.13247	0	0	0	0	10.53109	0.03173	1.33035	1.07224	0.31397	2.59409	0.02314
g__GGB9747	0	2.52896	0.34253	0.11067	0	0	0.01824	0	1.18061	5.90154	0.4809	0	0	0	0	0	0	5.32671
g__Faecalibacillus	0	0.02752	0.36152	0.28002	0.03928	3.14075	0.01504	0	0	0	0	4.5533	1.14783	1.25744	0	0.18989	2.52801	0.32441
g__GGB4569	0	0	0	0	0	0	0	11.56752	1.64319	0	0	0	0	0	0	0	0	0
g__GGB9342	0	0.18267	1.83194	0.01792	0	0.00251	0.02345	0.04554	1.12927	0.02381	9.12528	0	0	0	0	0	0	0
g__Eubacterium	0.07667	3.97153	0.11319	1.04867	0.37606	0.61641	0.56926	0	1.55349	0	0.0106	0.09413	0.35887	0.13548	0	2.15138	0.06147	1.04131
g__GGB9634	0	4.59202	0.46668	0.11059	0	0.01444	0	1.18871	0	0	3.71177	0	0	0	0	0	0	0
g__Desulfovibrio	0.23105	0.52646	0.6548	0.65726	0.74498	1.26035	0.09943	0.1904	0.23842	2.70022	1.65971	0	0	0.84013	0	0.01308	0	0.24862
g__Phascolarctobacterium	0.02175	0.95727	0.01723	3.87398	1.01858	1.75222	0.24615	0	0.34303	0	0.07599	0	3e-04	0.01561	0.00063	0	0	1.38866
g__Evtepia	1.40598	0	1.5144	0.19848	0	0.03324	0	0	0	0	4.89075	0	0	0	0	0.48567	0	0.57321
g__Coprococcus	0.13062	0.0978	0.37427	1.88968	0.47461	0.88638	1.09579	0	0	0.00207	0.00127	0	0.63269	0.50458	0	0.70498	1.29148	0.51681
g__Lachnospira	0	0.03447	0.72123	2.39898	1.32951	0.49911	2.79855	0	0	0	0	0.13324	0.0691	0.0903	0	0.00557	0.00609	0.47928
g__GGB9345	0	0.74064	0.03344	0	0	0	0	0	2.74725	0.42609	4.0806	0	0	0	0	0	0	0
g__Enterobacter	0	0	2.51427	0.97717	0	2.06464	0.13242	0	0	0	0	0	0	0	0	1.89083	0.3146	0
g__Romboutsia	0	0.00919	1.06067	0.30634	0.57454	1.61509	0.66601	0	0	0	0	0.38366	0.07651	1.47743	0	1.12473	0.34534	0.00874
g__Butyricimonas	1.11195	0.55674	1.02737	0.36868	0	0.00642	0.42754	0.00094	0.0394	0.02272	3.95766	0	0	0	0	0	0	0.00128
g__GGB3746	0	0	0.39274	1.05632	1.88245	0.11722	3.57856	0	0	0	0	0	0	0	0.32407	0.00169	0	0
g__Parabacteroides	1.50126	0.79409	2.28289	0.58505	0.26967	0.61564	0.43134	0.01866	0.36043	0.11317	0.27571	0.00111	0.00548	0.00034	0.00028	0	0	0.01414
g__GGB51647	0	0	0.82168	0.003	2.29032	0.32718	0	0	3.48216	0	0.24339	0	0	0	0	0	0	0
g__Cloacibacillus	0.08281	0.05045	0.00505	0	0	0	0	0.70922	0.39088	1.11146	4.3096	0	0	0	0	0	0	0.07292
g__Fusobacterium	0	0.19666	0.01248	0.33621	1.90292	1.50373	1.03249	0	0	0	1.42463	0	0	0	0	0	0	0
g__Agathobaculum	0.00393	0	0.36571	0.37382	0.15708	0.82694	0.66424	0	0.00037	0.01752	0.09076	0.48364	0.04505	0.38376	0.173	0.97892	0.79312	0.88834
g__GGB9480	1.05244	0	0	0	0	0	0	0	0	0	0	0	0	0	0	0	0	5.17419
g__Lacrimispora	0	0.00152	0.12586	0.4845	0.20057	0.53009	0.71827	0	0	0.05904	0	0	0	1.77386	0.00118	1.70165	0	0.57363
g__Methanobrevibacter	0	5.89186	0	0.01468	0	0	0	0	0.01082	0.04634	0.01736	0	0	0	0	0	0	0
g__Tyzzerella	0.43141	0.08035	0	0	0	3.06689	2.222	0	0	0	0	0.03389	0	0	0	0	0	0
g__GGB4248	0	0	3.0118	0	0	0	1.73855	0	0	0.83603	0	0	0	0	0	0	0	0
g__Dysosmobacter	0.07765	0.17202	0.58354	0.42859	0.1496	0.04371	0.17183	0.05691	0.29939	2.03858	0.22554	0	0	0.00372	0	0	0	1.31541
g__Oscillibacter	0.00057	0.10126	1.82416	0.56569	0.1039	0.02882	0.31532	0.04398	0.88739	1.02942	0.06402	0	0.01746	0.00247	0	0	0.00484	0.21291
g__Akkermansia	0	2.06996	0	0	0	0	0	0.04977	2.02305	0.634	0.01085	0	0	0	0	0	0	0
g__Candidatus_Cibionibacter	0	0.05866	0.07755	0.12581	0.00569	0.02431	0.03421	0.03088	0.17634	0.00529	0	0.51845	0	0.87974	0	1.62106	0.88515	0
g__GGB80011	0	0	0	0	0	0	0	0.03059	0.48084	3.8981	0	0	0	0.02857	0	0	0.004	0
g__GGB3277	0	0	1.48955	0	0	0	1.47137	0	0	0	0	0	0	0.99165	0	0	0.22379	0
g__GGB79734	0	0.08231	0.1533	0.14169	0.53295	0.24085	0.05788	0.30365	0.00121	0	0.22953	0	0.36198	0.64907	0	0.66034	0.59822	0
g__Sutterella	0	0.01161	0.48236	0.18442	1.40146	0.36581	0.65338	0	0	0.32319	0.42814	0	0	0.08331	0	0	0	0.01683
g__GGB3363	0	0	0	0	0	0	0	0	0	0	0	0	0	0	0	0	3.81744	0
g__GGB33469	0	0.2115	0.02805	0.01523	0	0	0	1.46657	0	0.2332	1.84495	0	0	0	0	0	0	0
g__Faecalicatena	0	0.19051	0.17141	0	1.39948	0.51334	1.06055	0	0.00346	0	0	0	0	0.01331	0	0.33319	0.01598	0
g__GGB9635	0.06663	0.41731	0.1371	0	0	0	0.14245	0	2.54677	0	0.34135	0	0	0	0	0	0	0
g__GGB3256	0	0.06919	0	0	0	0.66354	0.13308	0	0	0.13836	0	0	1.25622	0.65409	0	0.72661	0	0
g__GGB33512	0	0.74195	0	0	0	0	0	0.18049	1.88298	0.01122	0.21311	0	0	0	0	0	0	0.60133
g__Vescimonas	0.52334	0.37093	0.07768	0.1583	0.12804	0	0.07135	0.17402	0.60298	0.38945	0.70516	0	0.01815	0.02953	0	0	0.00205	0.33345
g__Bilophila	0.00329	0.02963	0.51138	0.03075	0.6318	0.06015	0.13527	0.06445	0.03211	1.1732	0.19544	0	0	0.02942	0	0.09959	0.00082	0.57816
g__GGB9710	0	1.68112	0	0	0	0	0	1.78722	0	0	0	0	0	0	0	0	0	0
g__Ruthenibacterium	1.29169	0.62947	0.03748	0.03332	0.01246	0.00738	0.01728	0.35519	0.19244	0.02937	0.43505	0	0	0.07771	0.00473	0	0	0.31579
g__Adlercreutzia	0	0	0.09505	0.29844	0	0	0.00099	0.01006	0.00942	0	0.12209	0	0.09107	1.52301	0	0.05985	1.11683	0.00096
g__GGB9760	0.08326	0.14906	0.5337	0	0	0.01828	0.204	0.08571	0.05341	0.38157	0.8834	0	0.01322	0.29441	0	0	0	0.6107
g__GGB1148	0	0	3.18534	0	0	0	0	0	0	0	0	0	0	0.07343	0	0	0	0
g__GGB9758	0.03232	0	0.14525	0	0	0.00181	0.07951	0.24504	1.10757	1.11244	0.08114	0	0.00769	0.32245	0	0	0	0
g__GGB9699	0.23043	1.22508	0.20144	0.04623	0	0	0.03263	0.49898	0.008	0.68823	0.07438	0	0.00379	0	0	0	0	0.09097
g__Butyricicoccus	0	0	0.21417	0.07589	0.79405	0.60817	1.00673	0	0	0	0	0	0.29329	0.06307	0	0	0.01381	0
g__Enterococcus	0.00834	0.03287	1.74025	1.02339	0	0	0	0	0	0	0	0	0	0.19754	0	0	0	0
g__GGB9712	1.07762	0.36449	0.12654	0.01035	0	0	0.00369	0	0	1.09986	0	0	0	0.02882	0	0	0	0
g__Waltera	0.07256	0	0.32436	0.00058	1.6309	0.30987	0.25864	0	0.00079	0.00767	0	0	0	0.05812	0	0	0	0
g__Hungatella	0.00309	1.48832	0	0	0.14319	0	0	0	0	0.0925	0.73703	0	0	0	0	0.00437	0	0.06381
g__GGB9691	0	0	0.02801	0	0	0	0	0	0	0	2.47928	0	0	0	0	0	0	0
g__GGB4271	0.4328	0	0	0	0	0	0	0	0	0	0	0	0	0	0	2.05109	0	0
g__GGB1495	0	0.02552	0.4991	0.26331	0.48108	0.01445	0	0	0	1.00619	0	0	0	0	0	0	0.00486	0
g__Kluyvera	0.19251	0	0.04011	0.84963	0	0	0	0	0	0	1.21187	0	3e-04	0	0	0	0	0
g__Lactococcus	0.0184	0	0.01089	1.47715	0	0.0021	0.07868	0	0	0	0	0	0.25611	0.38247	0	0.04269	0	0
g__GGB9713	1.23948	0.29736	0.32952	0.03273	0	0	0.00188	0	0.06754	0	0	0	0	0	0	0	0.00626	0.10682
g__GGB3304	0	0	0	0	0	0.00028	0.00702	0	0	0	1.90225	0	0	0.02197	0	0	0.00081	0
g__Eggerthella	0.12204	0	0	0.00562	0.16024	0.0083	0.01374	0.00246	0.00103	0	0.28711	0.77902	0.07087	0.05887	0.09751	0.04067	0.25032	0.01494
g__Odoribacter	0.14064	0.18462	0.62471	0.00535	0.17622	0.01217	0.02201	0	0.68091	0.03179	0.01287	0	0	0.00604	0	0	0	0
g__Negativibacillus	0	0.97974	0	0.35877	0	0.00384	0	6e-04	0.00189	0.28683	0	0	0	0	0	0	0	0.17043
g__Pyramidobacter	0	0	0	0	0	0	0	0.6709	0.26229	0.79388	0.01472	0	0	0	0	0	0	0
g__Anaerotignum	0.16711	0.29726	0.45779	0.03276	0.1859	0.05831	0.31143	0	0.01185	0.14311	0.01197	0	0	0	0	0	0	0.00872
g__Comamonas	0	0	1.68427	0	0	0	0	0	0	0	0	0	0	0	0	0	0	0
g__Catenibacterium	0	0.04966	0.22381	0	0	0.62039	0	0	0	0.02294	0	0	0	0.70064	0	0	0.02903	0
g__GGB9595	0	0.03622	0.86095	0	0	0	0.65754	0	0	0	0	0	0	0.01598	0	0	0	0
g__Intestinimonas	0	0.03654	0.06028	0.00156	0	0	0	0	1.3417	0.08856	0.00096	0	0	0	0	0	0	0
g__Sanguibacter	0	0	0	0	0	0	0	0.1674	0.07384	0.01317	0	0	0	1.26466	0	0	0	0
g__Lactobacillus	0	0	0	0	0	0	0	0.09983	0.27611	0	0	0.01151	0	0	1.12457	0	0	0
g__GGB9642	0	0.12278	0	0	0	0.06474	0.23963	0.27797	0.09583	0	0	0	0.20985	0	0	0	0.32235	0
g__GGB9770	0	0.02984	0.00769	0	0	0	0	0.74973	0.03915	0.05664	0.15383	0	0	0	0	0	0	0.27714
g__GGB9627	0	0	0.18	0	0	0	0.2156	0	0.00593	0.87846	0	0	0.00744	0	0	0	0	0
g__Limosilactobacillus	0	0.06552	0	0	0	0	0	0.04039	0.9229	0	0.13537	0.01145	0	0	0.05351	0.01069	0	0
g__Aeromonas	0	0	0	0	0	0	0	0	0	0	1.22712	0	0	0	0	0	0	0
g__GGB9602	0.54753	0.3404	0.0406	0	0	0	0	0.26757	0	0	0.01862	0	0	0	0	0	0	0
g__GGB4700	0	0	1.20004	0	0	0	0	0	0	0	0	0	0	0	0	0	0	0
g__Weissella	0.00102	0	0.10169	0.60173	0	0.04278	0	0	0	0	0	0	0.16743	0.25911	0	0.00714	0	0
g__Erysipelatoclostridium	0.00021	0	0.08784	0	0	0	0.1546	0	0	0	0.00135	0.00921	0	0.01113	0.87041	0	0	0.00385
g__Actinomyces	0.03182	0	0.00487	0.01263	0	0.07554	0.00686	0.01178	0	0	0.08703	0.33094	0.14965	0.11617	0.03213	0.19411	0.07968	0
g__GGB3588	0	0	0	0	0.10783	0	0.20951	0	0	0	0	0	0	0.75905	0	0	0	0
g__GGB9424	0	0	0.21623	0.08193	0	0.00243	0	0.37406	0.00443	0	0.06276	0	0	0.09206	0	0	0.22479	0
g__Staphylococcus	0.00096	0	0.63726	0	0	0	0.3059	0	0	0	0	0	0	0.11382	0	0	0	0
g__GGB9512	0	0.19082	0.5166	0	0	0.12547	0.12321	0.03296	0	0	0	0	0	0.00525	0	0.04771	0	0
g__GGB9285	0	0	1.03243	0	0	0	0	0	0	0	0	0	0	0	0	0	0	0
g__Veillonella	0	0.00099	0	0.00933	0.00581	0	0.01959	0	0.87129	0	0	0.00163	0.09192	0	0	0	0	0
g__GGB3278	0	0	0	0.4876	0	0.00916	0.00766	0	0.40078	0	0.07002	0	0	0	0	0	0	0
g__GGB3429	0	0	0.34026	0	0.02841	0	0	0	0	0	0	0.37957	0	0.2202	0	0	0	0
g__GGB9636	0	0.04401	0.72215	0.11921	0	0	0	0.07259	0	0	0	0	0	0	0	0	0	0
g__GGB3321	0	0	0.06467	0.05319	0	0	0	0	0	0	0.82046	0	0	0	0	0	0	0
g__Slackia	0	0.06913	0.12568	0.0088	0.06888	6e-04	0.1041	0.02707	0	0	0.14342	0	0	0.03937	0	0.28439	0.00546	0.00078
g__Gallibacter	0.83257	0	0	0.01707	0	0.02312	0	0	0.0044	0	0	0	0	0	0	0	0	0
g__GGB1096	0	0.14198	0.0979	0	0	0	0	0.04277	0.44178	0.12677	0	0	0	0	0	0	0	0.00202
g__GGB9359	0	0	0	0.23054	0	0	0	0	0.02764	0	0	0	0	0	0	0	0.59038	0.0017
g__Leuconostoc	0	0	0.01848	0.28076	0.12794	0	0	0	0	0	0	0	0	0.22477	0	0.16585	0	0
g__Lawsonibacter	0	0.00141	0	0.12984	0	0.0675	0	0.12747	0.15571	0.06812	0.17207	0	0	0	0	0	0	0.04998
g__Raoultella	0	0	0	0.70965	0	0	0.05563	0	0	0	0	0	0	0	0	0	0	0
g__GGB2998	0	0.06685	0.25658	0.0287	0	0	0.00558	0.00289	0.05258	0.13848	0.17495	0	0	0	0	0	0	0
g__Senegalimassilia	0.05691	0	0	0.17214	0	0.28962	0	0.05576	0	0	0.08794	0	0.05993	0	0	0	0	0
g__GGB3623	0	0	0	0	0	0	0	0	0	0	0	0	0	0.71735	0	0	0	0
g__Megasphaera	0	0	0	0.06415	0	0	0	0	0	0.24232	0	0	0	0	0	0.1166	0	0.26601
g__GGB4578	0	0	0	0.63485	0	0.00362	0.0065	0	0	0.00987	0	0	0.03169	0	0	0	0	0
g__GGB9534	0	0	0	0	0	0	0	0	0.27666	0.30015	0.07155	0	0	0	0	0	0	0.03501
g__GGB9694	0	0.23992	0	0	0	0	0	0.12257	0.31523	0	0.00132	0	0	0	0	0	0	0
g__GGB33928	0	0.12228	0.09254	0	0	0	0	0.10171	0	0.34221	0.01188	0	0	6e-04	0	0	0	0
g__GGB3612	0	0	0	0	0	0	0.41872	0	0	0	0	0	0	0	0	0	0	0.2474
g__Eisenbergiella	0.20131	0.12919	0.30688	0	0	0.00722	0	0	0	0	0	0	0	0	0	0	0	0.0066
g__GGB9774	0	0	0	0	0	0	0	0	0	0.65007	0	0	0	0	0	0	0	0
g__GGB9721	0	0	0	0	0	0	0	0	0	0	0.64143	0	0	0	0	0	0	0
g__Faecalimonas	0	0.08448	0	0.05462	0	0.02868	0	0	0	0	0	0.47327	0	0	0	0	0	0
g__GGB6569	0	0	0	0	0	0.64013	0	0	0	0	0	0	0	0	0	0	0	0
g__Flavonifractor	0.09685	0.00822	0.08735	0.17605	0	0.05314	0.0463	0	0.0012	0.06365	0.00212	0	0	0	0	0	0	0.10506
g__GGB9412	0	0	0	0	0	0	0	0	0	0	0	0	0	0	0	0.62298	0	0
g__GGB79973	0	0	0.0732	0.11466	0	0	0	0	0	0	0.04179	0	0	0	0	0.38382	0	0
g__Rothia	0	0	0	0.00471	0.05354	0.00141	0	0	0	0	0.00191	0.0071	0.34011	0.01177	0.00375	0.10334	0	0.00684
g__GGB6554	0.52506	0	0	0	0	0	0	0	0	0	0	0	0	0	0	0	0	0
g__Haemophilus	0	0	0	0.00455	0.01541	0.10552	0.06404	0	0	0	0	0	0.30213	0	0	0.02003	0	0
g__GGB9531	0	0	0	0	0	0	0	0.2913	0.15084	0.05784	0	0	0	0	0	0	0	0
g__Gemella	0	0	0.04203	0	0.00153	0.02148	0.01263	0	0	0	0	0.07823	0.18312	0.12072	0.03513	0	0.00144	0
g__Coprobacillus	0	0.0727	0.20132	0.03287	0	0	0	0	0	0	0.00204	0.1497	0	0	0.01977	0	0	0
g__Mogibacterium	0.00048	0.03576	0.01813	0	0	0.00482	0	0.00156	0.01264	0.00179	0.17654	0.03656	0.00036	0.01412	0.00736	0.14697	0	0.00973
g__GGB30134	0	0	0	0	0	0	0	0	0	0	0	0	0	0	0	0.4524	0	0
g__GGB9616	0	0	0.09443	0.08542	0.2386	0	0.02682	0	0	0	0	0	0	0	0	0	0	0
g__GGB80055	0	0.00276	0	0.43386	0	0.0041	0	0	0	0	0	0	0	0	0	0	0	0
g__GGB51441	0	0	0.03098	0.08875	0.15865	0	0.036	0	0	0	0	0	0.03595	0.08016	0	0	0	0
g__Edwardsiella	0.42532	0	0	0	0	0	0	0	0	0	0	0	0	0	0	0	0	0
g__GGB9701	0	0	0	0	0	0	0	0	0	0	0.38706	0	0	0	0	0	0	0
g__GGB2982	0	0	0	0	0	0	0.19251	0	0	0	0.1209	0	0	0.00465	0	0	0	0.06393
g__GGB4644	0	0	0.03098	0	0	0	0	0	0	0	0	0	0	0.34869	0	0	0	0
g__Hydrogenoanaerobacterium	0	0.03112	0.09867	0.03515	0.04274	0	0.01604	0.00555	0.02361	0.02784	0.00325	0	0	0	0	0.00272	0	0.09056
g__GGB34797	0	0	0	0	0.04685	0.2605	0	0.03952	0	0	0.02564	0	0	0	0	0	0	0
g__GGB3828	0	0	0	0.02943	0.33909	0	0	0	0	0	0	0	0	0	0	0	0	0
g__GGB4716	0	0	0	0	0	0	0	0	0.3612	0	0	0	0	0	0	0	0	0
g__GGB3818	0	0	0	0	0	0	0	0	0	0	0	0	0	0	0	0	0	0.35639
g__GGB4249	0	0	0	0	0	0.35619	0	0	0	0	0	0	0	0	0	0	0	0
g__GGB3619	0	0	0.29404	0	0	0	0.00507	0	0.03739	0.0087	0	0	0	0.00272	0	0	0	0
g__Nitrosopumilus	0	0.23649	0.05193	0	0	0	0	0	0	0	0.05688	0	0	0	0	0	0	0
g__GGB9786	0	0.10185	0.00683	0	0	0	0	0.21237	0	0	0.02146	0	0	0	0	0	0	0
g__GGB9819	0	0	0	0	0	0.02165	0	0	0	0	0.31985	0	0	0	0	0	0	0
g__GGB3653	0	0	0.06677	0	0	0	0	0	0	0	0.00485	0	0	0.04314	0	0.2245	0	0
g__GGB4641	0	0	0.33235	0	0	0	0	0	0	0	0	0	0	0	0	0	0	0
g__Enterocloster	0.03584	0.02018	0.00025	0	0.00093	0	0.01824	0	0.016	0.01498	0.01345	0	0	0	0	0.01217	0	0.19296
g__GGB79916	0.18982	0	0.06984	0	0	0	0	0	0	0	0.05014	0	0	0	0	0	0	0
g__GGB9357	0	0	0.2561	0.04884	0	0	0	0	0	0	0	0	0	0	0	0	0	0
g__Lachnoclostridium	0.0343	0	0	0	0	0	0	0	0	0	0.15871	0	0	0	0	0.0188	0.02698	0.06012
g__Holdemania	0	0.14536	0.00664	0	0	0.00207	0.01492	0	0.02467	0.0097	0.06374	0	0	0	0	0	0	0.03147
g__GGB9759	0	0	0.01448	0	0	0.00535	0	0	0	0	0.04362	0	0.21205	0	0	0	0.01606	0
g__GGB9614	0	0	0.00498	0.05185	0.13426	0.02265	0.06394	0	0	0	0	0	0	0	0	0	0	0.00705
g__GGB4549	0	0	0	0.27984	0	0	0	0	0	0	0	0	0	0	0	0	0	0
g__GGB1689	0	0	0	0	0	0	0	0.05165	0.22721	0	0	0	0	0	0	0	0	0
g__GGB9766	0	0.0846	0	0	0	0.00012	0	0	0.01422	0.17237	0	0	0	0	0	0	0	0
g__Citrobacter	0	0	0.10012	0.04821	0	0	0	0	0	0	0	0	0.09392	0	0	0.02529	0	0
g__GGB59744	0	0.00209	0.00139	0	0	0	0	0	0	0	0.25752	0	0	0	0	0	0	0
g__GGB9495	0	0.0213	0	0	0	0	0	0	0	0.00241	0	0	0	0	0	0	0	0.23454
g__Barnesiella	0.03137	0.00294	0	0	0	0	0.2034	0	0	0	0	0	0.00417	0.00309	0	0	0	0.01252
g__Raoultibacter	0.01225	0	0.00352	0	0	0	0	0	0	0	0.10794	0	0.00412	0.10726	0	0	0.00992	0
g__GGB4386	0	0	0	0.03805	0	0.03216	0	0	0	0	0	0.16919	0	0	0	0	0	0
g__Gordonibacter	0	0	0	0	0.01164	0	0	0	0	0	0.01542	0.0013	0.03318	0.16836	0	0.009	0	0
g__GGB3730	0	0	0	0.03995	0.03214	0	0	0	0	0	0	0	0	0.08695	0	0	0.06873	0
g__GGB4559	0	0	0.22614	0	0	0	0	0	0	0	0	0	0	0	0	0	0	0
g__GGB9787	0	0.01231	0.01539	0	0	0	0	0.16474	0	0	0.03276	0	0	0	0	0	0	0
g__GGB6512	0	0	0	0	0	0	0	0	0.22413	0	0	0	0	0	0	0	0	0
g__GGB9719	0.12094	0.01359	0.003	0.00266	0	0	0	0.0202	0	0.00082	0.05189	0	0	0.00095	0	0	0	0.00482
g__GGB33586	0	0	0	0	0	0	0	0	0	0.21849	0	0	0	0	0	0	0	0
g__GGB34228	0	0.0381	0.05926	0.02553	0.07703	0	0.01467	0	0	0	0	0	0	0	0	0	0	0
g__Turicibacter	0	0	0	0.03546	0.02508	0	0	0	0	0	0	0.12066	0	0	0	0	0.02815	0.00105
g__GGB45432	0.2076	0	0	0	0	0	0	0	0	0	0	0	0	0	0	0	0	0
g__GGB80140	0	0.20671	0	0	0	0	0	0	0	0	0	0	0	0	0	0	0	0
g__Marseilla	0	0.00231	0	0	0	0	0	0	0	0.20144	0	0	0	0	0	0	0	0
g__Rheinheimera	0	0	0.03092	0.01414	0	0.03629	0	0	0	0.00606	0.00933	0	0	0	0	0	0	0.10177
g__GGB9782	0	0	0	0	0	0	0	0	0.1876	0.00903	0	0	0	0	0	0	0	0
g__Anaerotruncus	0	0.01689	0.05722	0	0	0	0	0.01343	0.02242	0.02713	0.0157	0	0	0	0	0	0	0.04302
g__Amedibacillus	0	0	0	0.00069	0	0	0	0	0	0	0	0.19414	0	0	0	0	0	0
g__GGB1663	0	0.04855	0.04757	0.04473	0	0.00163	0	0.03631	0	0	0	0	0	0.00586	0	0	0.00058	0.00654
g__GGB2958	0	0.0244	0.15541	0	0	0	0	0	0	0	0.01154	0	0	0	0	0	0	0
g__GGB3271	0.19065	0	0	0	0	0	0	0	0	0	0	0	0	0	0	0	0	0
g__Victivallis	0	0	0	0	0	0	0	0	0	0	0.18958	0	0	0	0	0	0	0
g__Ligilactobacillus	0	0	0	0	0	0	0	0	0	0	0	0.18922	0	0	0	0	0	0
g__GGB45596	0	0	0	0	0	0	0	0	0	0	0	0	0	0	0	0.18796	0	0
g__Peptacetobacter	0	0	0.16118	0	0	0.02455	0	0	0	0	0	0	0	0	0	0	0	0
g__Candidatus_Pararuminococcus	0.01167	0.1584	0	0	0	0	0	0	0	0	0	0	0	0	0	0	0	0.01506
g__GGB4596	0	0	0	0	0	0	0	0	0	0	0	0	0	0.18242	0	0	0	0
g__Acidaminococcus	0	0.00122	0	0	0	0	0	0.01935	0	0.14456	0.00687	0	0	0	0	0.00658	0	0
g__Intestinibacter	0	0	0.0029	0.08346	0	0	0	0	0	0	0	0.00368	0	0	0	0	0.05398	0.03112
g__GGB1380	0	0	0	0.17035	0	0	0	0	0	0	0	0	0	0.00049	0	0	0	0
g__GGB9537	0	0	0	0.04521	0	0	0	0	0.12135	0	0	0	0	0	0	0	0	0
g__GGB9293	0	0.08746	0	0	0	0	0	0	0	0	0.07872	0	0	0	0	0	0	0
g__Methanosphaera	0.1073	0.00679	0	0.05208	0	0	0	0	0	0	0	0	0	0	0	0	0	0
g__Massilimicrobiota	0	0.00905	0	0	0	0	0	0	0	0	0	0	0	0	0	0.15664	0	0
g__GGB9737	0	0	0.1445	0	0.01973	0	0	0	0	0	0	0	0	0	0	0	0	0
g__Granulicatella	0	0	0	0	0	0.00276	0	0	0	0	0	0.08746	0.02623	0.01299	0.00426	0.02312	0	0
g__GGB4684	0	0	0	0	0	0.00395	0.00486	0	0	0	0.14778	0	0	0	0	0	0	0
g__Candidatus_Allochristensenella	0.01149	0.03534	0	0	0	0	0	0	0	0.03033	0.0543	0	0	0	0	0	0	0.01755
g__GGB41458	0	0	0.09556	0	0	0	0	0	0	0	0	0	0.05094	0	0	0	0	0
g__GGB4605	0	0	0.01833	0.12589	0	0	0	0	0	0	0	0	0.00106	0	0	0	0	0
g__GGB9767	0	0.06068	0.03788	0	0	0	0	0	0.04476	0	0	0	0	0	0	0	0	0
g__GGB51269	0	0	0.09725	0	0	0	0	0	0.04279	0	0	0	0	0	0	0	0	0
g__Dielma	0.13305	0	0.00656	0	0	0	0	0	0	0	0	0	0	0	0	0	0	0
g__GGB4672	0	0	0	0.13582	0	0	0	0	0	0	0	0	0	0	0	0	0	0
g__GGB3632	0	0.13327	0	0	0	0	0	0	0	0	0	0	0	0	0	0	0	0
g__GGB9775	0	0.13326	0	0	0	0	0	0	0	0	0	0	0	0	0	0	0	0
g__GGB9425	0	0	0	0.11532	0	0	0.01667	0	0	0	0	0	0	0	0	0	0	0
g__GGB9790	0	0.09211	0	0	0	0	0	0	0	0	0.03962	0	0	0	0	0	0	0
g__GGB2652	0	0.12925	0	0	0	0	0	0	0	0	0	0	0	0	0	0	0	0
g__GGB1102	0	0	0	0	0	0	0	0	0	0.12655	0	0	0	0	0	0	0	0
g__GGB9348	0	0	0	0	0	0	0	0	0.12617	0	0	0	0	0	0	0	0	0
g__GGB9059	0	0	0	0	0	0	0	0	0	0	0.12575	0	0	0	0	0	0	0
g__GGB9524	0	0	0	0	0	0	0	0	0.11336	0	0.01072	0	0	0	0	0	0	0
g__GGB4487	0	0	0.12354	0	0	0	0	0	0	0	0	0	0	0	0	0	0	0
g__GGB33085	0	0	0.12168	0	0	0	0.00063	0	0	0	0	0	0	0	0	0	0	0
g__GGB1458	0	0	0	0	0	0	0	0	0	0	0	0	0	0	0	0	0	0.12069
g__GGB3815	0	0	0.02534	0.02129	0.06758	0	0	0	0	0	0	0	0	0	0	0	0	0
g__Amedibacterium	0	0	0	0	0	0	0	0	0	0	0	0	0	0	0	0.11026	0	0
g__Lactiplantibacillus	0	0	0	0	0	0	0	0	0	0	0	0	0	0.10846	0	0	0	0
g__GGB52106	0	0	0	0	0	0	0	0	0	0	0	0	0	0	0	0	0	0.10609
g__Pseudoflavonifractor	0	0	0.00321	0.02874	0.01216	0.04268	0	0	0.00203	0	0.01322	0	0	0	0	0	0	0.00316
g__Propionibacterium	0	0	0	0	0	0	0	0.00062	0	0	0.00312	0.00667	0	0.01939	0.00933	0.06588	0	0
g__Anaerococcus	0	0	0.0014	0	0	0.09584	0.00594	0.00076	0	0	0	0	0	0	0	0	0	0
g__GGB3306	0	0	0.10259	0	0	0	0	0	0	0	0	0	0	0	0	0	0	0
g__GGB2653	0	0	0	0.02175	0	0	0	0	0	0.03679	0.0011	0	0	0	0	0	0	0.04238
g__Christensenella	0.02081	0.00289	0	0	0	0	0	0.00033	0.0154	0.00692	0.04584	0	0	0.00063	0	0	0.00232	0.00447
g__GGB9618	0	0	0.08509	0.01322	0	0	0	0	0	0	0	0	0	0	0	0	0	0
g__Parasutterella	0	0	0.04162	0	0	0.0453	0	0	0	0.01041	0	0	0	0	0	0	0	0
g__GGB9593	0	0	0.09487	0	0	0	0	0	0.0021	0	0	0	0	0	0	0	0	0
g__GGB6574	0.03166	0	0.04663	0	0	0	0	0	0.01748	0	0	0	0	0	0	0	0	0
g__GGB9781	0.00319	0.00974	0	0	0	0	0	0.01489	0.00756	0.01546	0.04432	0	0	0	0	0	0	0
g__GGB4676	0	0	0.09498	0	0	0	0	0	0	0	0	0	0	0	0	0	0	0
g__GGB9619	0	0	0.00321	0.00752	0.00899	0.01273	0	0	0	0.0034	0	0	0	0	0	0	0	0.05881
g__GGB3340	0	0	0	0	0	0	0	0	0	0	0.09078	0	0	0	0	0	0	0
g__GGB9091	0	0	0	0	0	0	0	0	0.09071	0	0	0	0	0	0	0	0	0
g__GGB52002	0	0.00157	0.02584	0	0	0	0	0.06196	0	0	0	0	0	0	0	0	0	0
g__Arachnia	0	0	0.00766	0.00068	0	0	0	0	0	0	0	0.07511	0.00169	0.00039	0	0	0.00209	0
g__GGB9249	0	0	0.08485	0	0	0	0	0	0	0	0	0	0	0	0	0	0	0
g__GGB9350	0	0.08175	0	0	0	0	0	0	0	0	0	0	0	0	0	0	0	0
g__Paraprevotella	0.00113	0.053	0	0.00034	0	0.00129	0.02493	0	0	0	0	0	0	0	0	0	0	0
g__GGB35068	0	0	0	0	0	0.03068	0.00171	0	0	0	0	0	0.01381	0.03313	0	0	0	0
g__GGB9788	0	0.02205	0	0	0	0	0	0	0.00752	0.01503	0.03426	0	0	0	0	0	0	0
g__GGB42994	0	0	0	0	0	0.00942	0.06643	0	0	0	0	0	0	0	0	0.00274	0	0
g__GGB1109	0	0.03049	0	0	0	0	0	0	0	0	0	0	0	0	0	0	0	0.04614
g__Corynebacterium	0	0	0.01739	0	0	0	0	0	0	0	0.00161	0.00324	0.03419	0.00249	0	0.01459	0.00065	0
g__GGB74463	0	0	0	0	0	0	0	0	0.00385	0	0.06869	0	0	0	0	0	0	0
g__Mailhella	0	0	0.00101	0	0	0	0	0	0.00067	0.0362	0.03199	0	0	0	0	0	0	0
g__GGB9289	0	0.06905	0	0	0	0	0	0	0	0	0	0	0	0	0	0	0	0
g__Ellagibacter	0	0	0	0	0	0	0	0	0	0	0	0	0	0	0	0	0	0.06904
g__GGB9261	0	0	0	0	0	0	0	0	0.06818	0	0	0	0	0	0	0	0	0
g__GGB9469	0	0	0	0	0	0	0	0	0.03198	0	0	0	0	0.03601	0	0	0	0
g__Phocea	0	0	0.00486	0.00488	0.023	0	0	0	0.0345	0	0	0	0	0	0	0	0	0
g__GGB9088	0	0	0	0	0	0	0	0	0.06558	0	0	0	0	0	0	0	0	0
g__GGB9237	0	0.01948	0	0	0	0	0	0	0	0	0.02331	0	0	0	0	0	0	0.0225
g__GGB9434	0	0	0	0.0086	0	0	0	0.0379	0.00966	0	0.00831	0	0	0	0	0	0	0
g__Olsenella	0	0	0	0	0	0	0	0.03786	0	0	0.00576	0.00856	0.0078	0	0.0038	0	0	0
g__Pediococcus	0	0	0	0	0	0	0	0	0	0	0	0	0	0.06264	0	0	0	0
g__GGB9707	0	0.00553	0.02597	0.02945	0	0	0	0	0	0	0	0	0	0.00161	0	0	0	0
g__Phytobacter	0	0	0	0.06221	0	0	0	0	0	0	0	0	0	0	0	0	0	0
g__GGB9343	0	0	0	0	0	0	0	0.06093	0	0	0	0	0	0	0	0	0	0
g__GGB9551	0	0	0	0	0	0	0	0.01174	0.04803	0	0	0	0	0	0	0	0	0
g__Culturomica	0	0.05975	0	0	0	0	0	0	0	0	0	0	0	0	0	0	0	0
g__GGB4567	0	0	0.05718	0	0	0	0	0	0	0	0	0	0	0	0	0	0	0
g__GGB3817	0.05623	0	0	0	0	0	0	0	0	0	0	0	0	0	0	0	0	0
g__Sellimonas	0	0	0	0	0	0	0	0	0	0	0	0.00201	0	0	0	0.05371	0	0
g__GGB9186	0	0	0	0	0	0	0	0	0	0.05569	0	0	0	0	0	0	0	0
g__GGB2731	0	0	0	0.05537	0	0	0	0	0	0	0	0	0	0	0	0	0	0
g__GGB9606	0	0	0.05492	0	0	0	0	0	0	0	0	0	0	0	0	0	0	0
g__Bittarella	0	0	6e-04	0	0	0	0	0	0	0	0.03715	0	0	0.00276	0	0	0	0.01228
g__GGB9608	0	0.03628	0	0	0	0	0.01413	0.00159	0	0	0	0	0	0	0	0	0	0
g__GGB9603	0	0	0.029	0	0	0	0.00348	0	0	0	0	0	0	0.01922	0	0	0	0
g__Sanguibacteroides	0	0	0.00842	0	0	0	0	0	0.02517	0.00972	0.00834	0	0	0	0	0	0	0
g__Dialister	0	0	0	0	0	0	0.04886	0	0	0	0	0	0	0	0	0	0	0
g__Enorma	0	0	0	0	0	0	0	0.04803	0	0	0	0	0	0	0	0	0	0
g__GGB3034	0.04803	0	0	0	0	0	0	0	0	0	0	0	0	0	0	0	0	0
g__GGB9060	0	0	0.04264	0	0	0	0	0	0	0	0	0	0	0.00511	0	0	0	0
g__GGB9176	0	0	0.03957	0	0	0	0	0	0	0	0.00817	0	0	0	0	0	0	0
g__GGB79770	0	0	0	0	0.04212	0	0	0	0	0	0	0	0	0.00559	0	0	0	0
g__GGB2732	0	0	0	0	0	0	0	0	0	0	0	0	0	0	0	0	0	0.04586
g__GGB3189	0	0	0.04564	0	0	0	0	0	0	0	0	0	0	0	0	0	0	0
g__GGB9661	0	0	0	0	0	0	0	0	0	0	0.0453	0	0	0	0	0	0	0
g__GGB13493	0	0	0	0	0	0	0	0	0	0	0.00717	0	0	0.03799	0	0	0	0
g__GGB4671	0	0	0.04503	0	0	0	0	0	0	0	0	0	0	0	0	0	0	0
g__GGB9061	0	0	0.044	0	0	0	0	0	0	0	0	0	0	0	0	0	0	0
g__GGB9611	0	0	0.00818	0	0	0	0	0	0	0	0	0	0	0	0	0	0	0.03533
g__GGB6648	0	0	0	0	0	0	0	0	0.00992	0.02818	0.00518	0	0	0	0	0	0	0
g__GGB9457	0	0	0	0	0	0	0	0	0.00015	0	0	0	0	0	0	0	0	0.04275
g__Anaeromassilibacillus	0	0.00518	0	0	0	0	0	0.02349	0	0	0	0	0	0	0	0	0	0.01396
g__GGB9355	0	0	0	0	0	0	0	0	0	0	0	0	0	0.0416	0	0	0	0
g__GGB6547	0	0	0	0	0	0	0	0	0.04098	0	0	0	0	0	0	0	0	0
g__Emergencia	0	0	0	0	0	0	0	0	0	0	0.00528	0	0	0	0	0	0	0.03517
g__GGB12785	0	0	0	0	0	0	0	0	0	0	0	0.00988	0	0.03031	0	0	0	0
g__GGB1247	0	0	0	0	0.03941	0	0	0	0	0	0	0	0	0	0	0	0	0
g__Massilistercora	0	0	0	0	0	0	0	0.00963	0	0	0.02964	0	0	0	0	0	0	0
g__Schaalia	0	0	0	0	0	0	0	0	0	0	0	0	0.00642	0.00503	0	0.02555	0.00205	0
g__GGB9677	0	0	0.01841	0	0	0	0	0.0197	0	0	0	0	0	0	0	0	0	0
g__GGB1568	0	0	0	0	0	0	0	0.03787	0	0	0	0	0	0	0	0	0	0
g__GGB2848	0	0.01097	0	0	0	0	0	0	0	0	0	0	0	0	0	0	0	0.0254
g__GGB9444	0	0.03576	0	0	0	0	0	0	0	0	0	0	0	0	0	0	0	0
g__GGB9240	0	0	0	0	0	0	0	0	0.02975	0.00525	0	0	0	0	0	0	0	0
g__GGB4456	0	0	0	0.01365	0.00127	0	0	0	0	0	0	0	0	0	0	0	0	0.01996
g__GGB3819	0	0.00825	0	0	0	0.02646	0	0	0	0	0	0	0	0	0	0	0	0
g__Baileyella	0	0	0	0	0	0	0	0	0	0	0	0	0	0	0	0.03408	0	0
g__Allisonella	0	0	0.00148	0	0	0.03247	0	0	0	0	0	0	0	0	0	0	0	0
g__Solobacterium	0	0.00188	0	0	0	0	0	0	0	0	0	0.02145	0	0	0	0.01033	0	0
g__GGB1405	0	0	0	0	0	0	0	0	0	0	0	0	0	0	0	0	0.03342	0
g__Aggregatibacter	0	0	0	0	0.00283	0	0.00217	0	0	0	0	0	0.02829	0	0	0	0	0
g__GGB51960	0	0	0	0.00054	0	0	0	0.00551	0	0	0	0	0	0	0	0	0.02546	0
g__GGB4611	0	0	0	0	0	0	0	0	0.03125	0	0	0	0	0	0	0	0	0
g__GGB9288	0	0	0.02927	0	0	0	0	0	0	0	0	0	0	0	0	0	0	0
g__GGB58485	0	0.00016	0.01495	0	0	0	0.01378	0	0	0	0	0	0	0	0	0	0	0
g__GGB3175	0	0	0	0	0	0	0	0	0.02853	0	0	0	0	0	0	0	0	0
g__Bilifractor	0	0	0	0	0	0	0	0	0	0	0	0	0	0	0	0.02846	0	0
g__Merdimonas	0.02806	0	0	0	0	0	0	0	0	0	0	0	0	0	0	0	0	0
g__GGB9568	0	0	0	0	0	0	0	0	0	0	0	0	0	0.02769	0	0	0	0
g__GGB9453	0.01675	0.00309	0	0	0	0	0	0	0	0.00743	0	0	0	0	0	0	0	0
g__GGB9623	0	0	0	0	0	0	0	0	0.02711	0	0	0	0	0	0	0	0	0
g__GGB9818	0	0	0.01907	0	0	0	0	0	0	0	0.00594	0	0	0	0	0	0	0
g__GGB77437	0	0	0.02448	0	0	0	0	0	0	0	0	0	0	0	0	0	0	0
g__GGB1266	0	0	0	0	0	0	0	0	0	0	0.02417	0	0	0	0	0	0	0
g__GGB51959	0	0	0	0.02408	0	0	0	0	0	0	0	0	0	0	0	0	0	0
g__Synergistes	0	0	0	0	0	0	0	0.02373	0	0	0	0	0	0	0	0	0	0
g__GGB3626	0	0	0	0	0.02371	0	0	0	0	0	0	0	0	0	0	0	0	0
g__Candidatus_Metalachnospira	0	0.02328	0	0	0	0	0	0	0	0	0	0	0	0	0	0	0	0
g__Massiliimalia	0	0.00058	0	0	0	0	0	0	0	0	0	0	0	0	0	0	0	0.02167
g__Harryflintia	0	0.00286	0	0	0	0	0	0.01079	0.0049	0	0.00353	0	0	0	0	0	0	0
g__Hydrogeniiclostidium	0	0	0	0	0	0	0	0.00823	0	0	0	0	0	0	0	0	0	0.01356
g__GGB9561	0	0	0	0	0	0.00686	0	0	0	0	0	0	0	0.0148	0	0	0	0
g__Atopobium	0	0	0	0	0	0	0	0.0028	0	0	0	0.00271	0	0.00073	0.01517	0	0	0
g__GGB3002	0	0.00027	0	0	0	0	0	0	0	0	0	0	0	0	0	0	0	0.02108
g__GGB58714	0	0	0	0	0	0	0	0	0	0	0	0	0	0	0	0	0	0.02096
g__GGB9197	0	0	0.01993	0	0	0	0	0	0	0	0	0	0	0	0	0	0	0
g__GGB3570	0	0	0.00245	0	0	0	0	0	0	0	0	0	0.01613	0	0	0	0	0
g__GGB36267	0	0.01545	0	0	0	0	0	0	0	0	0.00283	0	0	0	0	0	0	0
g__GGB9641	0	0	0	0	0	0	0	0	0	0	0.01807	0	0	0	0	0	0	0
g__GGB45495	0	0	0	0	0	0	0	0.01803	0	0	0	0	0	0	0	0	0	0
g__GGB74403	0	0	0	0	0	0	0	0.01786	0	0	0	0	0	0	0	0	0	0
g__Peptostreptococcus	0	0	0	0	0	0	0	0	0	0	0	0	0.0134	0	0	0.00433	0	0
g__Leclercia	0	0	0	0	0	0.01701	0	0	0	0	0	0	0	0	0	0	0	0
g__GGB4651	0	0	0	0	0	0.00405	0.01239	0	0	0	0	0	0	0	0	0	0	0
g__Plesiomonas	0	0	0	0	0	0	0	0	0	0.0036	0.01276	0	0	0	0	0	0	0
g__GGB3226	0	0	0	0.01625	0	0	0	0	0	0	0	0	0	0	0	0	0	0
g__GGB2980	0	0	0.01616	0	0	0	0	0	0	0	0	0	0	0	0	0	0	0
g__Mobilibacterium	0	0	0	0	0	0	0	0	0	0.01595	0	0	0	0	0	0	0	0
g__GGB74511	0	0	0	0	0	0	0	0	0	0	0	0	0	0	0	0.01511	0	0
g__GGB3444	0	0	0	0	0	0	0	0	0.00133	0	0	0	0	0	0	0	0	0.01366
g__GGB4698	0	0	0	0	0	0.00662	0.00837	0	0	0	0	0	0	0	0	0	0	0
g__GGB9522	0	0	0.00467	0	0	0	0.00567	0	0	0	0.00412	0	0	0	0	0	0	0
g__GGB10485	0	0	0	0	0	0	0	0	0	0	0	0	0.00216	0	0	0.01201	0	0
g__GGB9762	0	0	0.01408	0	0	0	0	0	0	0	0	0	0	0	0	0	0	0
g__Saccharomyces	0	0	0	0	0	0	0	0	0	0	0	0	0	0	0.01377	0	0	0
g__Candidatus_Schneewindia	0	0	0	0	0	0	0	0.01305	0	0	0	0	0	0	0	0	0	0
g__Fenollaria	0	0	0	0.01296	0	0	0	0	0	0	0	0	0	0	0	0	0	0
g__Pauljensenia	0	0	0	0	0	0	0	0	0	0	0.00092	0.00919	0.00128	0	0	0	0.00151	0
g__GGB9095	0	0	0.01266	0	0	0	0	0	0	0	0	0	0	0	0	0	0	0
g__GGB4682	0	0	0	0	0	0.00294	0.00965	0	0	0	0	0	0	0	0	0	0	0
g__Candidatus_Parachristensenella	0	0.01206	0	0	0	0	0	0	0	0	0	0	0	0	0	0	0	0
g__GGB4658	0	0	0.01198	0	0	0	0	0	0	0	0	0	0	0	0	0	0	0
g__Lactonifactor	0.01174	0	0	0	0	0	0	0	0	0	0	0	0	0	0	0	0	0
g__GGB2659	0	0	0.01113	0	0	0	0	0	0	0	0	0	0	0	0	0	0	0
g__Lancefieldella	0	0	0	0	0	0	0	0	0	0	0.00081	0.00562	0	0	0.00016	0.00443	0	0
g__GGB49418	0	0	0.00303	0.00122	0	0	0	0	0	0	0	0	0	0.00676	0	0	0	0
g__GGB9501	0	0	0	0	0	0	0	0	0.00624	0.00467	0	0	0	0	0	0	0	0
g__Candidatus_Flemingibacterium	0	0	0	0	0	0	0	0	0	0.01077	0	0	0	0	0	0	0	0
g__Oxalobacter	0	0	0	0	0	0	0	0.01075	0	0	0	0	0	0	0	0	0	0
g__GGB25437	0	0	0	0	0	0	0	0	0	0	0	0	0	0	0	0.00981	0	0
g__GGB74510	0	0	0	0.00949	0	0	0	0	0	0	0	0	0	0	0	0	0	0
g__Candidatus_Stoquefichus	0	0	0	0	0	0	0	0	0	0	0	0.0094	0	0	0	0	0	0
g__Anaerosacchariphilus	0	0	0.00875	0.00015	0	0	0	0	0	0	0	0	0	0	0	0	0	0
g__Paeniclostridium	0	0	0.00886	0	0	0	0	0	0	0	0	0	0	0	0	0	0	0
g__Actinobaculum	0	0	0	0	0	0	0	0	0	0	0	0	0.0011	0.00774	0	0	0	0
g__GGB80000	0	0	0	0.00865	0	0	0	0	0	0	0	0	0	0	0	0	0	0
g__GGB1496	0	0	0	0	0	0.00801	0	0	0	0	0	0	0	0	0	0	0	0
g__Neobittarella	0	0	0	0	5e-05	0	0	0	0	0	0.00351	0	0	0	0	0	0	0.00443
g__GGB1492	0	0	0	0	0	0.0016	0.00634	0	0	0	0	0	0	0	0	0	0	0
g__GGB58233	0.00059	0	0	0	0	0	0	0	0	0	0.00094	0	0	0	0	0	0	0.00629
g__Frisingicoccus	0	0	0	0	0	0	0	0	0.00771	0	0	0	0	0	0	0	0	0
g__GGB3351	0	0	0	0	0	0	0.00732	0	0	0	0	0	0	0	0	0	0	0
g__GGB2977	0	0.00729	0	0	0	0	0	0	0	0	0	0	0	0	0	0	0	0
g__GGB1123	0	0	0	0	0	0	0	0	0	0	0	0	0	0	0	0	0.00699	0
g__GGB1662	0	0	0	0	0	0	0	0	0	0.00671	0	0	0	0	0	0	0	0
g__GGB1582	0	0	0	0	0	0	0	0	0	0	0	0	0	0	0	0	0	0.00667
g__Parascardovia	0	0	0	0	0	0	0	0.00213	0	0	0	9e-04	0	0	0.00295	0	0	0
g__GGB6513	0	0	0.00582	0	0	0	0	0	0	0	0	0	0	0	0	0	0	0
g__Bacilliculturomica	0	0	0	0	0	0	0	0	0.0056	0	0	0	0	0	0	0	0	0
g__GGB9724	0	0	0	0	0	0	0	0	0	0.00352	0.00182	0	0	0	0	0	0	0
g__Peptidiphaga	0	0	0	0	0	0	0	0	0	0	0	0	0	0.00503	0	0	0	0
g__GGB9383	0	0	0	0	0	0	0	0	0	0	0.00482	0	0	0	0	0	0	0
g__Mesosutterella	0	0	0	0	0.0038	0	0	0	0.001	0	0	0	0	0	0	0	0	0
g__GGB4750	0	0	0	0	0	0	0	0	0.00474	0	0	0	0	0	0	0	0	0
g__Pluralibacter	0	0	0	0.00169	0	0.00267	0	0	0	0	0	0	0	0	0	0	0	0
g__GGB9620	0	0	0	0	0	0	0	0	0	0.00434	0	0	0	0	0	0	0	0
g__GGB9545	0	0.00126	0	0	0	0	0	0	0.00288	0	0	0	0	0	0	0	0	0
g__Scardovia	0	0	0	0	0	0	0	0	0	0	0.00357	0.00051	0	0	0	0	0	0
g__GGB9400	0	0	0	0	0	0	0	0.00407	0	0	0	0	0	0	0	0	0	0
g__GGB4642	0	0	0	0	0	0.00225	0.00181	0	0	0	0	0	0	0	0	0	0	0
g__GGB3345	0	0	0	0	0	0.00384	0	0	0	0	0	0	0	0	0	0	0	0
g__GGB38744	0	0.00045	0	0	0	0	0	0	0	0	0	0	0	0	0	0	0	0.00334
g__Methylobacterium	0	0	0	0	0	0	0	0	0	0.00365	0	0	0	0	0	0	0	0
g__GGB9532	0	0	0.00354	0	0	0	0	0	0	0	0	0	0	0	0	0	0	0
g__Abiotrophia	0	0	0	0.00349	0	0	0	0	0	0	0	0	0	0	0	0	0	0
g__GGB58158	0	0	0	0	0	0	0	0	0	0	0	0	0	0	0	0	0	0.00328
g__GGB3140	0	0	0	0	0	0	0	0.00313	0	0	0	0	0	0	0	0	0	0
g__GGB9189	0	0	0.00285	0	0	0	0	0	0	0	0	0	0	0	0	0	0	0
g__GGB42378	0	0.00268	0	0	0	0	0	0	0	0	0	0	0	0	0	0	0	0
g__GGB1538	0	0	0	0	0	0	0	0	0	0	0	0	0	0	0	0.00264	0	0
g__Lacticaseibacillus	0	0	0	0	0	0	0	0	0	0	0	0	0	0.00263	0	0	0	0
g__Prevotellamassilia	0	0	0	0	0	0	0	0	0	0	0.00263	0	0	0	0	0	0	0
g__GGB31234	0	0.00252	0	0	0	0	0	0	0	0	0	0	0	0	0	0	0	0
g__Anaerofilum	0	0.00043	0	0	0	0	0	0.00018	0	0	0.00032	0	0	0	0	0	0	0.00143
g__Candidatus_Paralachnospira	0	0.00087	0	0	0	0	0	0	0	0.00144	0	0	0	0	0	0	0	0
g__Anaerofustis	0	0	0	0	0	0	0	0	0	0	0	0	0	0.00129	0	0.00097	0	0
g__Paratractidigestivibacter	0	0	0	0	0	0	0	0	0	0	0.00221	0	0	0	0	0	0	0
g__Ezakiella	0	0	0	0	0	0	0.00216	0	0	0	0	0	0	0	0	0	0	0
g__Candidatus_Borkfalkia	0	0	0	0	0	0	0	0	0	0	0.00212	0	0	0	0	0	0	0
g__GGB9559	0	0	0	0	0	0	0	0.00169	0	0	0	0	0	0	0	0	0	0
g__Campylobacter	0	0	0	0.00161	0	0	0	0	0	0	0	0	0	0	0	0	0	0
g__GGB3892	0	0	0	0	0	0	0	0	0	0	0	0	0	0	0	0	0	0.00158
g__Lachnotalea	0	0	0	0	0	0	0	0	0	0	0	0	0	0	0	0	0	0.00157
g__GGB79751	0	0	0	0	0	0	0	0	0	0	0	0	0	0.00155	0	0	0	0
g__GGB3109	0	0	0	0	0	0	0	0	0	0	0	0.00154	0	0	0	0	0	0
g__Candidatus_Alloruminococcus	0	0	0	0	0	0	0	0	0	0.0015	0	0	0	0	0	0	0	0
g__GGB6470	0	0	0	0	0	0	0	0	0	0	0	0	0	0.0015	0	0	0	0
g__Microbacterium	0	0	0	0	0	0	0	0.00133	0	0	0	0	0	0	0	0	0	0
g__Candidatus_Alloscillospira	0	0	0	0	0	0	0	0	0.00132	0	0	0	0	0	0	0	0	0
g__GGB74708	0	0	0	0	0	0	0	0	0	0.00115	0	0	0	0	0	0	0	0
g__Candidatus_Soleaferrea	0	0	0	0	0	0	0	0	0	0	0.00108	0	0	0	0	0	0	0
g__Massilioclostridium	0	0	0	0	0	0.00088	0	0	0	0	0	0	0	0	0	0	0	0
g__GGB2970	0	0	0	0	0	0	0	0	0	0.00085	0	0	0	0	0	0	0	0
g__GGB33544	0	0	0	0	0	0	0	0	0.00084	0	0	0	0	0	0	0	0	0
g__GGB6565	0	0	0	0	0	0	0	0	0	0	0	0	0	0.00074	0	0	0	0
g__Coprobacter	0	0	0.00068	0	0	0	0	0	0	0	0	0	0	0	0	0	0	0
g__GGB9291	0	0	0	0	0	0	0	0	0.00067	0	0	0	0	0	0	0	0	0
g__Faecalitalea	0	0	0	0	0	0	0	0	0	0	0	0	0	0	0	0	0.00061	0
g__GGB52130	0	0	0	0	0	0	0	0	0	0	0.00061	0	0	0	0	0	0	0
g__GGB75036	0	0.00045	0	0	0	0	0	0	0	0	0	0	0	0	0	0	0	0
g__Neisseria	0	0	0	0	0	0	0	0	0	0	0	0	0.00042	0	0	0	0	0
g__Intestinibacillus	0	0	0	0	0	0	0	0	0	0	0.00039	0	0	0	0	0	0	0
g__Oligella	0	0	0	0	0	0	0	0.00038	0	0	0	0	0	0	0	0	0	0
g__GGB80012	0	0	0	0	0	0	0	0	0	0	0.00035	0	0	0	0	0	0	0
g__Bulleidia	0	0	0.00027	0	0	0	0	0	0	0	0	0	0	0	0	0	0	0
g__Parvimonas	0	0	0.00022	0	0	0	0	0	0	0	0	0	0	0	0	0	0	0
