Genus	C1	C2	C3	C4	C5	C6	E1	E2	E3	E4	E5	E6	H1	H2	H3	H4	H5	H6
g__Bacteroides	27.32893	28.79723	34.2319	29.94302	34.56687	44.82835	5.90153	14.48775	9.77555	0.03437	0.0101	39.93952	4.93783	1.75865	3.44132	4.30088	0.37871	1.27272
unclassified	2.48087	11.55115	3.59211	2.04415	22.38545	3.32867	0.13111	0.43647	4.2587	0.14865	0.84356	0.92477	32.19308	11.66076	30.44017	17.40119	62.15346	25.88864
g__Phocaeicola	16.65059	5.68688	10.19462	18.55287	10.94475	16.28273	1.81366	0.5176	10.32154	0.00489	9.2207	31.42366	7.53303	2.25804	1.26245	1.04838	0.12701	2.59979
g__Escherichia	0.02419	0.35217	0.00876	1.86606	2.67719	0.80857	16.39209	4.87433	63.0297	10.91398	6.99559	9.78132	0.07163	0.06485	0.21011	0.02298	0.32666	0.97387
g__Alistipes	12.13949	26.93743	19.69008	8.65162	13.57168	12.36096	0	0.01216	2.26277	0.0117	0.02266	0.06532	0.64604	1.74318	1.73785	2.06665	0.60362	0.1423
g__Bifidobacterium	0.00678	0.72907	0	0.05094	0.1715	0.40044	0	0	0.09214	3.53629	79.13993	0	1.93857	0	0	2.64845	13.50717	0
g__Klebsiella	1.70422	0	0.1362	0.02193	0.03364	0	0.43105	69.35083	0.06204	2.81335	0.77929	0.01041	0.73878	0.48767	0.02098	0	3.19498	0.26402
g__Prevotella	0	0.02976	4.45487	7.40832	0	0	0	0.00667	0.0452	0.02164	0.00744	0.00379	10.72257	9.62203	14.64453	1.94109	6.73153	12.56275
g__Faecalibacterium	0.78694	1.90887	0.44641	1.65865	1.4683	5.12894	0	0.07367	0.00163	0.17798	0.07432	0	6.79159	5.39729	2.40836	13.98935	2.87237	4.27809
g__Roseburia	2.73012	0.47312	0.23113	2.73256	0.37517	0	0.66441	0	0.13975	0	0	0.03255	2.10337	2.24918	5.60234	9.27444	5.21886	12.7471
g__Mediterraneibacter	0.73523	0.63516	2.12695	0.81237	1.17869	0.31129	16.52979	0.00403	0.24703	8.71335	0.04878	0.36065	1.52053	1.38747	0.70582	0.51989	0.23393	5.07616
g__Clostridium	1.6065	0.77091	0.84981	3.10981	0.52558	0.10482	9.023	0.03004	1.69719	4.44771	0.001	0.78367	3.19659	1.53803	3.22932	5.52803	0.75442	2.2123
g__GGB51647	0	0	0	0	0	0	0	0	0	0	0.00018	0	0	0.12671	24.69979	0.00954	6.8384	6.81987
g__Parabacteroides	0.95868	2.31042	4.17217	1.44894	1.91221	7.98548	5.34866	4.33921	0.38012	4.12451	0	0.70627	0.43467	0.48855	0.60729	0.66314	0.03902	0.30833
g__Lachnospira	2.03153	0.67093	0.02704	0	0.01773	1.18432	0	0	0.02996	22.8147	0	0	3.30013	0.51799	0.12076	4.56627	0.50375	0.44208
g__Gemmiger	2.16438	0.64869	1.37268	0	3.32103	0	0	0.02301	0	0.09843	0.00624	1.49584	9.37632	2.60523	0	8.89536	1.09038	4.73094
g__Dialister	0	0.98916	0	0.06938	0.14654	0	0.92446	0	0	15.08175	0	0.00063	0.90787	10.43329	0	1.04299	0.32349	0
g__Oscillibacter	6.03733	0	0.50732	0	1.94918	0	0	0.00401	0	0	9e-05	0	2.49297	7.67965	1.28987	1.68801	0.48982	1.64262
g__Ruminococcus	0.69888	0.99607	0.31851	1.1646	0.5055	0.02967	0	0	0.03627	0	0.16298	0.22955	1.15338	2.1946	4.31341	9.24956	1.44703	0.2562
g__Fusobacterium	3.28025	0	0.22304	0.11865	0.1347	0	10.57502	0	0.26386	0	0	7.6915	0.00724	0	0.05526	0	0	0.24465
g__Megasphaera	0.17486	14.85281	0	0.62689	1.11296	0.08709	0	0	0	2.8929	0.01828	0	0.00099	0	0	0.69579	0.08819	0
g__Pseudoflavonifractor	0	0	0	0.0677	0.10726	0	0	0	0.01366	19.23004	0	0.00727	3e-04	0.00385	0.00073	0.01837	0	0
g__Enterocloster	0.0512	0.14225	0.02675	0.08463	0.32839	0.69044	16.263	0	0.15765	1.07754	0.15674	0.1562	0.25389	0.00621	0.00258	0.02571	0.02175	0.00016
g__Megamonas	0.00378	0	0	0	0.19417	1.54301	0	0	0	0	0	0.2054	3.6782	0	0	10.85701	0.8349	0.19656
g__GGB3277	0	1.22287	0	0	1.07018	0	0	0	0	0	0	0	0	0	0	6.62231	6.6556	1.58599
g__Blautia	0.08883	0.39427	0.20957	0.03661	0.07045	0.08954	0.65823	0.00215	0.3779	0.3323	0	0	2.90777	2.08445	1.71862	2.02816	4.25284	1.69772
g__Veillonella	0.72763	0	0.00191	4.44073	0.03746	0	9.72994	0.38891	0	0.20276	0.36327	0.07827	0.14774	0.00261	0.00343	0.01752	0.10807	0.02929
g__Phascolarctobacterium	1.47866	0.58816	0.11686	1.79955	1.87178	0.23807	0	0.00251	2.56466	0	0.06635	2.82603	0.84746	0.06462	0	0.26607	0	2.27106
g__Coprococcus	0	0	0.19314	0.0123	0.10918	0	0	0	0	0	0	0	0	1.99859	1.60816	0.47462	3.27539	1.82635
g__Ruthenibacterium	0.29637	0.16546	0.26448	0.63878	0.55593	0.1111	0	3.91708	0.86466	0	0.54697	0.20794	0.92647	0.2231	0.1541	0.07549	0.02599	0.10164
g__Eubacterium	0.07495	0.33221	1.8773	0.01307	0.17326	0.00498	0	0	0	0	0	0.00052	0.08733	0.86319	0.5273	4.13718	0.35595	0.27107
g__Waltera	0.00984	0	3.2445	0.01989	0.08741	0	0	0	0	0	0	0	0.6948	4.01395	0.30017	0.00441	0.20124	0.02534
g__Anaerotignum	2.07355	0.1449	0.62603	0.73513	0.00012	0.03404	0.46069	0.002	1.1864	0	0	0	1.02344	1.03481	0.24174	0.14976	0	0.6664
g__Candidatus_Cibionibacter	0	0	0	0	0.31405	0	0	0.00318	0.07212	0	0.00086	0	3.83656	1.27531	0	0.85443	1.44458	0.23874
g__GGB1266	0	0	0	0	0	0	0	0	0	0	0	0	0	0	0	0	0	7.70519
g__Dorea	0.42872	0.34842	0.15333	0.16583	0.01697	0	0	0	0.07317	0	0.01004	0	0.66721	1.05215	1.1362	0.36014	1.28445	1.70098
g__Collinsella	0.4178	0.42346	0.11152	0.01492	0.2579	0.02634	0.8214	0	0.215	0	0.54425	0	1.09081	0.39197	0.42083	0.39875	1.72974	0.52971
g__Streptococcus	3.97292	0.17804	0.02297	0.89365	0.01705	0.00181	0.12855	0	0	0.002	0.00973	0	0.64306	0.34787	0.16826	0.11593	0.10543	0.47178
g__GGB1148	0	0	0	0	0	0	0	0	0	0	0	0	0	2.73482	4.22112	0	0	0
g__Fusicatenibacter	0.0937	0.3312	0.02783	0.08259	0.0221	0	0	0	0.01957	0	0	0.00128	0.34905	0.26107	0.22391	1.08604	0.50083	3.80698
g__Marseilla	0	0	0	0	6.14774	0	0	0	0	0	0	0	0	0	0	0	0	0
g__Butyricimonas	0.40855	0.13917	0.69526	1.08107	0.11836	0.2602	0	0	0.10807	0	0	0	0.73422	1.11338	0.20775	0.09098	0.00169	1.10166
g__Haemophilus	3.205	0.01162	1.05872	0.69775	0	0	0	0	0	0	0	0.00179	0.02347	0.02234	0.05439	0.00376	0.30696	0.51432
g__Dysosmobacter	0.09147	0.09394	0.38707	1.09624	1.0501	0.40285	0	0	0.04747	0	0	0.00473	0.89021	0.53257	0.22594	0.53205	0.02692	0.09442
g__GGB47687	0	0	0	0	0	0	0	0	0	0	0	0.02335	5.12894	0	0	0	0	0
g__GGB3746	3.82063	0	0	0.64454	0.09555	0	0	0	0	0.00746	0	0	0	0.22484	0.09345	0	0	0.15145
g__GGB1405	0	0	0	0	0	0	0	0	0	0	0	0	0	0	4.97604	0	0	0
g__GGB3167	0	0	0	0	0.25471	0	0	0	0	0	0	0	4.72127	0	0	0	0	0
g__Flavonifractor	0.34955	0.34026	0.06341	0.41638	0.61849	0.42094	0.57663	0.01065	1.11229	0.03772	0.1834	0.06428	0.13382	0.04446	0.03678	0.40961	0.01332	0.06679
g__Catenibacterium	0	0	0	0	0	1.27373	0	0	0	0	0	0	0	0.15175	0.14644	0	2.44603	0.74342
g__Bilophila	0.28014	0.23049	0.02443	0.24445	0.72241	0.25323	0	0.25614	0.17796	0	0.08887	0.08458	0.80465	0.09894	0.51825	0.19507	0.01669	0.68405
g__Negativibacillus	0.04011	0	0.10416	0	2.85411	0	0	0	0	0	0	0	0	0	1.3899	0	0	0.01197
g__Paraprevotella	0	0	0	3.33147	0	0	0	0	0	0	0	0	0	0	0.57683	0	0	0.11805
g__Holdemanella	0	0	0	0	0	0	0	0	0	0	0	0	1.46916	0.43375	0.43894	0	0.5298	1.0215
g__GGB9813	0	0	0	0	0	0	0	0	0	0	0	0	0	3.63235	0	0	0	0
g__GGB9747	0	0	0.216	0	0	0	0	0	0	0	0	0	0	2.45209	0.63838	0	0.27438	0.03014
g__Romboutsia	0	0.03672	0	0	0	0	0.60315	0	0	0	0	0	0.39351	0.14723	0.11166	0.05783	1.95777	0.27347
g__Barnesiella	0.34113	0	0	0.0929	0	1.01826	0	0	1.13603	0	0	0	0.09141	0	0	0.79486	0.01611	0.06287
g__Evtepia	0.11688	0.66954	0.02073	0.06816	0	0.04614	0	0	0.39753	0	0	0	0.4344	0.0618	0.71499	0.73542	0.22119	0
g__GGB9627	0.59788	0	0.00579	0.6621	0	0	0	0	0	0	0	0	0.48222	0.80583	0.21167	0	0.04666	0.46325
g__Agathobaculum	0.05807	0.12157	0.07944	0.04327	0.02604	0.0062	0.24912	0.01665	0.03835	0	0	0.00832	0.20922	0.1977	0.10311	0.91194	0.14598	0.83249
g__GGB3632	0	0	3.04413	0	0	0	0	0	0	0	0	0	0	0	0	0	0	0
g__Lacrimispora	0.24668	0.01691	0.01399	0.2083	0.30501	0	1.03733	0	0.05804	0	0	0	0.20044	0.00516	0.01791	0.07688	0.19807	0.4393
g__GGB80011	0	1.10525	0	0.01329	0.83873	0	0	0	0.05354	0	0	0	0	0.64849	0	0	0.10491	0
g__GGB4386	0	0	0	0	0	0	0	0	0	0	0	2.76121	0	0	0	0	0	0
g__GGB1663	0	0	0.17368	0	0	0	0	0	0	0	0	0	1.05691	1.03081	0.45165	0	0	0.02382
g__Enterobacter	0	0	0	0	2e-04	0	0	0.01014	0	0	0	0	0.0074	0.00079	0	0	0	2.67001
g__Odoribacter	0.1316	0.30882	0.88394	0.41995	0.19735	0	0	0	0.267	0	0	0.00015	0.09376	0.05653	0.23719	0	0.00886	0.00489
g__GGB1495	0	0	0.44928	0	0	0	0	0	0	0	0	0	0	0	1.5272	0	0.61193	0
g__Butyricicoccus	0.07872	0	0	0	0	0	0	0	0.17107	0	0	0.00699	0	0.65609	0.76104	0	0.02056	0.87527
g__Sutterella	0	0	0.51389	0	0.0295	1.23873	0	0	0	0.29105	0.05625	0.04982	0.08745	0.03001	0	0.01609	0.00419	0.07202
g__GGB9758	0	0	0	0	0	0	0	0	0	0	0	0	0	2.25012	0	0	0.08033	0
g__Anaerobutyricum	0.03588	0.08843	0.03569	0.00071	0.00251	0	0	0	0.06081	0	0	0	0.41917	0.18602	0.25147	0.43915	0.6072	0.09712
g__Faecalicatena	0.11203	0.07477	0.04319	0.08164	0	0	0	0	0.07977	0	0	0.00548	0.00179	0.08176	0	0	0.2535	1.29988
g__Mesosutterella	0.01808	0.0826	0	0.86668	0.29475	0.00359	0	0	0	0	0	0	0.12189	0.10452	0	0.02573	0	0.44211
g__Actinomyces	0.0917	0.00639	0	0.01272	0	0	0.1135	0.00865	0	0.96648	0.32303	0.00221	0.2315	0.03068	0.00132	0.00928	0.0204	0.09169
g__Erysipelatoclostridium	0.00881	0	0	0	0.2252	0.38634	1.07012	0	0	0.0583	0.00085	0.11113	0	0	0	0	0	0
g__GGB9708	0	0	0.04744	0	0.00219	0	0	0	0	0	0	0	0	1.12092	0.23103	0	0.29089	0.12453
g__GGB3343	0	0	0	0	0	0	0	0	0	0	0	0	0	1.72634	0	0	0	0
g__Corynebacterium	0.00462	0	0.7988	0	0	0	0	0	0	0	0	0	0.00097	0	0	0	0.83273	0
g__Lawsonibacter	0.01086	0.20079	0.10284	0.20592	0.34903	0.17638	0	0.21099	0.05877	0	0	0	0.0774	0.0213	0.00906	0.04758	0	0.06825
g__GGB79973	0	0	0	0	0	0	0	0	0	0	0	0	0	0.01536	0	0	1.51842	0
g__Staphylococcus	0.0313	0	1.14682	0	0	0	0	0	0	0	0	0	0	0.3464	0	0	0	0
g__GGB3619	0	0	0.21675	0	0	0	0	0	0	0	0	0	0	0.29886	0.91828	0	0.00252	0
g__Hydrogenoanaerobacterium	0.31978	0	0.09975	0.06358	0.2723	0.12091	0	0	0	0	0	0	0.23327	0.04545	0.20237	0	0	0.02916
g__GGB3256	0	0	0	0.13494	0	0	0	0	0	0	0	0	0	0	0	0	1.23788	0
g__GGB9699	0.01668	0	0	0	0.43585	0.00156	0	0	0	0	0	0	0.09907	0.46632	0.07746	0.21488	0.02056	0.02713
g__GGB9634	0	0	0.57449	0	0	0	0	0	0	0	0	0	0	0	0.53126	0	0.21129	0.03768
g__Anaerostipes	0.00648	0.15238	0.0113	0	0.01777	0.0174	0	0	0.09273	0	0.00056	0.03103	0.28698	0.03385	0.04807	0.35657	0.24079	0.04338
g__GGB4682	0	0	0	0	0	0	0	0	0	0	0	0	0	1.28535	0	0	0	0
g__Desulfovibrio	0	0	0.27085	0.39531	0.10802	0	0	0	0	0	0	0	0.29197	0.03144	0.08764	0.01865	0.04058	0.00152
g__Hungatella	0.01299	0.07592	0.02397	0.04012	0.16753	0.08335	0	0	0.0056	0.42087	0	0.14217	0.05109	0	0.20843	0.00248	0	0
g__GGB9635	0	0	0	0	0	0	0	0	0	0	0	0	0	0.79003	0.35166	0	0	0.06208
g__Tyzzerella	0	0	0	0	0	0.05307	0	0	0	0	0	0.94302	0.00773	0	0	0	0	0.13228
g__GGB9713	0	0	0.12237	0	0	0	0	0	0	0	0	0	0.00275	0.88292	0.07964	0	0.043	0.00395
g__Faecalibacillus	0.19107	0.07179	0.12518	0.02813	0.0628	0	0	0	0.02524	0	0	0	0.18081	0.00578	0.01232	0.1167	0	0.22791
g__GGB1496	0	0	0.01305	0	1.03289	0	0	0	0	0	0	0	0	0	0	0	0	0
g__Intestinimonas	0.3534	0	0.27589	0.0858	0.07215	0.02217	0	0	0	0	0	0	0.09693	0.05544	0.04752	0	0	0
g__Sellimonas	0	0.05042	0	0	0.00033	0.08855	0	0	0	0	0	0	0.73157	0	0	0.09778	0	0
g__Acidaminococcus	0	0.90178	0	0	0.05346	0	0	0	0	0	0	0	0	0	0	0	0	0
g__GGB9512	0	0	0	0	0	0	0	0	0	0	0	0	0	0.9329	0	0	0	0
g__GGB4642	0	0	0	0	0	0	0	0	0	0	0	0	0	0.9072	0	0	0	0
g__GGB9534	0.09336	0	0	0.48444	0.12291	0	0	0	0	0	0	0	0.01425	0.00756	0.14127	0	0	0
g__GGB3304	0	0	0	0	0	0	0	0	0	0	0	0	0	0.67676	0.16022	0	0.00922	0
g__Pseudomonas	0	0	0	0	0	0	0	0.0377	0	0.63325	0.16945	0	0	0	0	0	0	0
g__Faecalimonas	0	0.00279	0	0	0	0	0.5387	0	0.00426	0.26942	0	0.02366	0	0	0	0	0	0
g__GGB9593	0	0	0	0	0	0	0	0	0	0	0	0	0	0	0.60081	0	0.19465	0.04061
g__Vescimonas	0.13731	0.01003	0	0.15599	0	0	0	0	0	0	0	0	0.08871	0.05441	0.09866	0.09198	0.14619	0.00232
g__GGB3281	0	0	0	0	0	0	0	0	0	0	0	0	0	0.76228	0	0	0	0
g__Citrobacter	0	0	0	8e-04	0	0	0	0.19969	0.48389	0	0	0	0	0.02106	0	0	0	0.02646
g__Allisonella	0	0	0.03139	0	0.03537	0	0	0	0.00731	0	0	0	0	0.05894	0	0	0.00947	0.58874
g__GGB4248	0	0	0	0	0	0	0	0	0	0	0	0	0	0	0.71134	0	0	0
g__Lachnoclostridium	0.04971	0	0.00499	0.02758	0.00783	0.05829	0	0.00216	0.01282	0	0.20412	0.24731	0.0673	0.00139	0	0.02003	0	0
g__GGB4717	0	0	0.70064	0	0	0	0	0	0	0	0	0	0	0	0	0	0	0
g__GGB79734	0	0	0	0	0	0	0	0	0	0	0	0	0	0.23698	0.13581	0	0.144	0.1684
g__GGB1093	0	0	0	0	0	0	0	0	0	0	0	0	0	0	0	0	0.66947	0
g__Rheinheimera	0.01746	0.02824	0.04133	0.06201	0.11149	0.01339	0	0	0.14615	0	0	0	0	0	0.05718	0.07289	0	0.0675
g__GGB13493	0	0	0	0	0	0	0	0	0	0	0	0	0	0.40178	0.1928	0	0.01102	0
g__Phocea	0.05548	0.32845	0.00724	0	0.0383	0	0	0	0.00187	0	0	0.02776	0.10681	0.01622	0	0	0	0.00407
g__Senegalimassilia	0	0	0	0	0	0	0	0	0	0	0	0	0	0	0.00386	0	0.56975	0
g__GGB4599	0.05947	0	0.50155	0	0	0	0	0	0	0	0	0	0	0	0	0	0	0
g__Holdemania	0.04015	0.01657	0.05317	0.04954	0.09231	0	0	0	0.00736	0	0	0.00461	0.18739	0	0.02532	0.04309	0.00678	0.03378
g__Methanobrevibacter	0	0	0	0	0.00107	0	0	0	0	0	0	0	0	0	0	0	0.52159	0.0269
g__GGB9561	0.00866	0.1409	0	0	0	0	0	0	0	0	0	0	0	0.14785	0	0.24633	0.0018	0
g__Merdimonas	0	0	0	0	0	0	0	0.48417	0	0	0	0	0.05483	0.00064	0	0	0	0
g__Nitrosopumilus	0	0	0	0	0.2166	0	0	0	0	0	0	0	0.30252	0	0.00642	0	0	0.00528
g__Oxalobacter	0.05587	0.01728	0.02702	0	0	0	0	0	0	0	0	0	0.19787	0.23034	0	0	0.00092	0
g__GGB33469	0	0	0	0	0	0	0	0	0	0	0	0	0.13194	0.29878	0.02004	0	0.01362	0.05668
g__Kluyvera	0	0	0	0	0	0	0	0.48235	0	0.00095	0	0	0	0.01572	0	0	0	0.01523
g__GGB9760	0	0	0.03335	0	0	0	0	0	0	0	0	0	0	0.09876	0.14676	0	0.13741	0.06761
g__GGB9712	0	0	0.0667	0	0	0	0	0	0	0	0	0	0.21694	0	0.14403	0	0	0.01416
g__GGB9619	0.00786	0	0.00092	0.02059	0.05097	0.25345	0	0	0	0	0	0	0.04821	0.04595	0	0	0	0
g__Cupriavidus	0	0	0	0	0	0	0	0.0108	0	0.33684	0.07271	0	0	0	0	0	0	0
g__Anaerococcus	0	0	0	0	0	0	0	0	0	0	0	0.17581	0	0.19254	0.05189	0	0	0
g__Gemella	0.36152	0	0.00081	0	0	0	0.00504	0	0	0	0	0	0	0.00918	0	0	0	0.00831
g__Dielma	0.20499	0	0.01061	0.02096	0.08452	0.0015	0	0.02204	0.00254	0	0	0.02536	0	0	0.00749	0	0	0
g__GGB9444	0	0	0	0	0	0	0	0	0	0	0	0	0	0.37407	0	0	0	0
g__GGB6547	0	0.36848	0	0	0	0	0	0	0	0	0	0	0	0	0	0	0	0
g__Adlercreutzia	0	0.00696	0.00526	0	0.00152	0	0	0	0	0	0	0	0.09316	0.04303	0	0	0.19519	0.00964
g__GGB9691	0	0	0	0	0	0	0	0	0	0	0	0	0	0.25566	0.09239	0	0	0
g__Eggerthella	0.05111	0.02485	3e-04	0.01021	0	0.01523	0.08659	0.0479	0.00539	0	0.07984	0	0	0	0	0.02507	0	0
g__GGB33928	0	0	0	0	0	0	0	0	0	0	0	0	0	0.16961	0.08493	0	0.04007	0.04337
g__GGB3175	0	0	0.00278	0	0	0	0	0	0	0	0	0	0	0.31733	0	0	0	0
g__GGB79916	0	0	0	0	0.31629	0.00064	0	0	0	0	0	0	0	0	0	0	0	0
g__GGB6574	0.01454	0.28192	0.01797	0	0	0	0	0	0	0	0	0	0	0	0	0	0	0
g__GGB9707	0.03117	0	0	0	0	0	0	0	0	0	0	0	0	0	0.05544	0	0.1063	0.1139
g__GGB9719	0	0	0	4e-04	0.01776	0.27083	0	0	0	0	0	0	0.00479	0.00716	0	0	0	0
g__Eisenbergiella	0	0	0	0.02279	0.01075	0.01419	0	0	0	0	0.1731	0	0.07275	0	0	0.00266	0	0.00104
g__GGB6569	0.05531	0	0.12583	0	0	0	0	0	0	0	0	0	0	0.10151	0	0	0	0
g__GGB2982	0	0	0	0.08607	0	0.00558	0	0	0	0	0	0	0	0	0.18636	0	0	0
g__GGB9434	0	0	0	0	0	0	0	0	0	0	0	0	0	0.27468	0	0	0	0
g__Anaerotruncus	0.05825	0.05813	0.01319	0.05227	0.0104	0	0	0	0.02805	0	0	0	0.0286	0.00733	0.00395	0.01143	0	0
g__GGB9595	0	0	0	0	0	0	0	0	0	0	0	0	0	0	0.19647	0	0.02255	0.04533
g__Morganella	0	0	0	0	0	0	0	0.17884	0.08467	0	0	0	0	0	0	0	0	0
g__Intestinibacter	0	0	0	0	0.06131	0.01245	0.01311	0	0	0	0	0	0	0	0.00816	0	0	0.16635
g__GGB9480	0.01015	0	0	0	0.14667	0	0	0	0	0	0	0	0.10321	0	0	0	0	0
g__Candidatus_Allochristensenella	0	0	0	0	0.23979	0	0	0	0	0	0	0	0.01797	0	0	0	0	0
g__GGB3278	0	0	0.25527	0	0	0	0	0	0	0	0	0	0	0	0	0	0	0
g__GGB4559	0	0	0	0	0	0	0	0	0	0	0	0	0	0.24222	0	0	0	0.0098
g__Coprobacter	0	0	0	0	0	0	0	0	0.22103	0	0	0	0.00058	0.01889	0	0.01106	0	0
g__Paratractidigestivibacter	0	0	0	0	0	0	0	0	0	0	0	0	0	0	0	0	0	0.25091
g__GGB3321	0	0	0.00147	0.01579	0	0	0	0	0	0	0	0	0	0.07365	0.02138	0	0.13687	0
g__GGB3653	0	0	0	0	0	0	0	0	0	0	0	0	0	0.24907	0	0	0	0
g__GGB9453	0	0	0	0	0.01846	0.03382	0	0	0	0	0	0	0.19636	0	0	0	0	0
g__GGB3109	0	0.08632	0	0	0	0	0	0	0	0.0081	0	0	0	0	0	0	0.14662	0
g__GGB49418	0	0	0	0	0	0	0	0	0	0	0	0	0	0.19843	0	0	0.02357	0.01515
g__GGB2653	0.04204	0	0	0.01169	0.06521	0.01417	0	0	0	0	0	0	0.04189	0.05613	0	0	0	0
g__GGB9608	0	0	0	0	0	0	0	0	0	0	0	0	0.01183	0	0	0	0.21788	0
g__Parasutterella	0	0	0.00242	0	0	0	0	0	0.16315	0	0	0	0.02388	0	0	0.00414	0	0.03168
g__GGB9642	0	0	0	0	0	0	0	0	0	0	0	0	0	0	0	0	0	0.22268
g__GGB3363	0	0.21837	0	0.0021	0	0	0	0	0	0	0	0	0	0	0	0	0	0
g__Ralstonia	0	0	0	0	0	0	0	0.00385	0	0.18161	0.03124	0	0	0	0	0	0	0
g__GGB9531	0	0	0.03981	0	0.06696	0	0	0	0	0	0	0	0.10854	0	0	0	0	0
g__GGB9614	0.00757	0	0.00044	0.03572	0	0	0	0	0	0	0	0	0	0.00945	0	0.1345	0.00062	0.00853
g__Bradyrhizobium	0	0	0	0	0	0	0	0.00175	0	0.15926	0.03379	0	0	0	0	0	0	0
g__Olsenella	0	0	0	0	0.03314	0	0	0	0	0	0	0	0.00102	0.01699	0	0	0.13758	0
g__GGB79998	0	0	0	0	0	0	0	0	0	0	0	0	0	0	0	0.18698	0	0
g__GGB9359	0.05948	0	0	0	0	0	0	0	0	0	0	0	0	0.09473	0	0	0	0.03159
g__GGB9237	0.01324	0	0.01492	0	0.0078	0	0	0	0	0	0	0	0.06853	0.07252	0.00178	0	0.0021	0
g__GGB9342	0	0	0	0	0	0	0	0	0	0	0	0	0	0.01231	0.15414	0	0.01007	0
g__GGB42994	0	0	0.16535	0	0	0	0	0	0	0	0	0	0	0	0	0	0	0
g__GGB3818	0	0	0.02997	0	0.00353	0	0	0	0	0	0	0.00307	0.02949	0	0	0.09862	0	0
g__Aquabacterium	0	0	0	0	0	0.1623	0	0	0	0	0	0	0	0	0	0	0	0
g__GGB74403	0	0	0.01275	0.1092	0.01708	0	0	0	0	0	0	0	0.01899	0	0	0	0	0
g__GGB79770	0	0	0	0	0	0	0	0	0	0	0	0	0	0.15595	0	0	0	0.00123
g__Turicibacter	0	0.002	0	0	0	0	0	0	0	0	0	0	0	0.00784	0	0	0.001	0.14598
g__Enterococcus	0	0	0	0	0	0	0.00245	0.03241	0	0.02567	0	0	0	0.00939	0.00023	0	0.02631	0.05866
g__Peptacetobacter	0	0	0	0	0	0	0	0	0	0	0	0	0	0	0.15379	0	0	0
g__GGB52130	0	0	0.00308	0.01811	0	0	0	0	0	0	0	0	0.07474	0.01897	0	0	0.00347	0.00515
g__GGB9528	0	0	0	0	0.1215	0	0	0	0	0	0	0	0	0	0	0	0	0
g__GGB1123	0	0	0.12138	0	0	0	0	0	0	0	0	0	0	0	0	0	0	0
g__GGB9618	0	0	0	0	0	0	0	0	0	0	0	0	0	0.0408	0.07858	0	0	0
g__GGB9076	0	0	0	0	0	0	0	0	0	0	0	0	0	0	0.11879	0	0	0
g__Hydrogeniiclostidium	0	0	0	0	0.05092	0.03128	0	0	0	0	0	0	0.02577	0	0	0.00992	0	0
g__GGB13404	0	0	0	0	0	0	0	0	0	0	0	0	0	0.06963	0.00993	0	0.03756	0
g__Frisingicoccus	0	0	0.04781	0.00111	0	0	0	0	0	0	0	0	0	0.06614	0	0	0	0
g__GGB9737	0	0	0	0	0	0	0	0	0	0	0	0	0	0.08282	0.00305	0	0	0.02893
g__Emergencia	0.05179	0	0	0.05356	0	0	0	0	0	0	0	0	0.00537	0	0	0	0	0
g__GGB9568	0	0	0	0	0	0	0	0	0	0	0	0	0	0.10987	0	0	0	0
g__GGB2983	0	0	0	0	0	0	0	0	0	0	0	0	0	0.02002	0	0	0.03782	0.04875
g__Anaeroglobus	0.02388	0	0	0.08111	0	0	0	0	0	0	0	0	0	0	0	0	0	0
g__Mogibacterium	0.02231	0.00052	0.00596	0.0207	0	0	0	0	0	0	0	0	0.00067	0.05062	0	0.00225	0.00043	0
g__GGB41458	0	0	0	0	0	0	0	0	0	0	0	0	0.02403	0.07875	0	0	0	0
g__GGB9616	0	0	0	0.00905	0	0	0	0	0	0	0	0	0	0.00364	0.05767	0	0.00452	0.02506
g__Pyramidobacter	0	0	0	0	0	0	0	0	0	0	0	0	0.09642	0	0.00099	0	0	0
g__GGB6020	0	0	0	0	0.0022	0	0	0	0	0.01938	0.06963	0.00607	0	0	0	0	0	0
g__Massiliimalia	0	0	0	0	0	0.09069	0	0	0	0	0	0	9e-04	0	0	0	0	0
g__GGB9296	0	0	0	0	0	0	0	0	0	0	0	0	0	0.09139	0	0	0	0
g__GGB9636	0	0	0	0	0	0	0	0	0	0	0	0	0	0	0.09106	0	0	0
g__Gordonibacter	0	0.00032	0	0	0.00266	0.00261	0	0	0	0	0	0	0.00865	0.02554	0	0.0442	0.00657	0
g__Akkermansia	0	0	0.00374	0	0	0	0	0	0.00216	0.00423	0	0	0	0	0	0	0.06871	0.01161
g__GGB3819	0.08837	0	0	0	0	0	0	0	0	0	0	0	0	0	0	0	0	0
g__Lancefieldella	0.05335	0	0	0.02222	0	0	0	0	0	0.00052	0.009	0	0.00021	0	0	0	0	0
g__GGB3815	0	0	0	0.03845	0	0	0	0	0	0	0	0	0	0	0.00412	0	0	0.04203
g__GGB9767	0.00135	0	0	0	0	0	0	0	0	0	0	0	0	0	0.00129	0	0.08053	0
g__Granulicatella	0.07824	0	0	0	0	0	0	0	0	0	0	0	0.00257	0	8e-04	0	0.00095	0.00025
g__GGB2998	0	0	0.04153	0	0.01501	0	0	0	0	0	0	0	0	0	0.00262	0.02259	0	0
g__GGB2659	0	0	0	0	0	0	0	0	0	0	0	0	0	0.07881	0	0	0	0
g__GGB9602	0	0	0	0	0	0	0	0	0	0	0	0	0	0.04706	0.01094	0	0.00893	0.01188
g__GGB3176	0	0	0.0786	0	0	0	0	0	0	0	0	0	0	0	0	0	0	0
g__GGB9697	0	0	0	0	0	0	0	0	0	0	0	0	0	0	0	0	0.07801	0
g__GGB53985	0	0	0	0	0	0	0	0	0	0	0	0	0	0.0764	0	0	0	0
g__GGB3345	0	0	0	0.0753	0	0	0	0	0	0	0	0	0	0	0	0	0	0
g__GGB3612	0	0	0.01039	0	0	0	0	0	0	0	0	0	0	0.06374	0	0	0	0
g__GGB9603	0	0	0	0	0	0	0	0	0	0	0	0	0	0.07236	0	0	0	0
g__GGB1339	0	0	0.07207	0	0	0	0	0	0	0	0	0	0	0	0	0	0	0
g__GGB3730	0	0	0	0	0	0	0	0	0	0	0	0	0	0	0.06133	0	0	0.0085
g__Longibaculum	0	0	0.00654	0	0	0	0	0	0	0	0	0.06217	0	0	0	0	0	0
g__GGB9261	0	0	0.06838	0	0	0	0	0	0	0	0	0	0	0	0	0	0	0
g__GGB4584	0	0	0.06823	0	0	0	0	0	0	0	0	0	0	0	0	0	0	0
g__Candidatus_Nanosynsacchari	0	0	0	0	0.00527	0	0	0	0	0.01277	0.03874	0	0.00113	0	0	0	0.00895	0.0012
g__GGB9524	0	0	0	0	0	0	0	0	0	0	0	0	0	0.05517	0.00859	0	0	0
g__GGB9495	0	0	0	0	0	0	0	0	0	0	0	0	0	0.05883	0	0	0	0.00481
g__Christensenella	0.0012	0.03681	0	0.0041	0	0	0	0	0	0	0	0	0.00061	0.01129	0.00394	0.00417	0.00032	0
g__GGB33512	0.02252	0	0	0	0.03863	0	0	0	0	0	0	0	0	0	0	0	0	0
g__GGB3429	0	0	0	0	0	0	0	0	0	0	0	0	0	0	0.03883	0	0	0.0219
g__GGB33586	0	0	0	0	0.03603	0	0	0	0	0	0	0	0.00306	0.02163	0	0	0	0
g__GGB51441	0	0	0	0	0	0	0	0	0	0	0	0	0	0.01779	0	0	0.02573	0.01526
g__GGB9345	0	0	0	0	0	0	0	0	0	0	0	0	0.004	0.04713	0	0	0.00714	0
g__GGB4578	0	0	0	0	0	0	0	0	0	0	0	0	0	0	0	0	0.05624	0
g__GGB9646	0	0	0	0	0	0	0	0	0	0	0	0	0.00549	0.05039	0	0	0	0
g__GGB3000	0	0	0	0	0.02379	0	0	0	0	0	0	0	0	0.03191	0	0	0	0
g__Cloacibacillus	0	0	0	0	0.05454	0	0	0	0	0	0	0	0	0	0.00085	0	0	0
g__Rothia	0	0	0	0	0	0	0	0	0	0.01897	0.01193	0	0.00309	0.01379	0.00678	0	0	0
g__Gardnerella	0	0	0	0	0	0	0	0	0.05373	0	0	0	0	0	0	0	0	0
g__GGB14025	0	0	0	0	0.02095	0	0	0	0	0	0	0	0.03273	0	0	0	0	0
g__GGB9501	0	0	0	0	0	0	0	0	0	0	0	0	0	0.05316	0	0	0	0
g__GGB9293	0	0	0	0.04052	0	0	0	0	0	0	0	0	0	0	0.01118	0	0	0
g__Comamonas	0	0	0	0.05146	0	0	0	0	0	0	0	0	0	0	0	0	0	0
g__GGB15850	0	0	0	0	0	0	0	0	0	0	0	0	0	0.04664	0	0	0	0
g__GGB9766	0	0	0	0.03041	0	0	0	0	0	0	0	0	0	0	0	0	0.01533	0
g__Limosilactobacillus	0.02244	0	0	0.01926	0	0	0	0	0	0.00361	0	0	0	0	0	0	0	0
g__Sphingomonas	0	0	0	0	0	0	0	0	0	0.03907	0.00607	0	0	0	0	0	0	0
g__GGB3817	0	0	0	0	0	0	0	0	0	0	0	0	0	0.04506	0	0	0	0
g__GGB9575	0	0	0	0	0	0.0434	0	0	0	0	0	0	0	0	0	0	0	0
g__GGB1456	0	0	0	0	0	0	0	0	0.00205	0	0	0	0	0	0	0	0.04044	0.00071
g__GGB9759	0	0	0	0	0	0	0	0	0	0	0	0	0	0	0	0.02389	0.01916	0
g__Aggregatibacter	0.0427	0	0	0	0	0	0	0	0	0	0	0	0	0	0	0	0	0
g__Anaerosacchariphilus	0	0	0	0	0	0	0	0	0	0	0	0	0.03097	0.01087	0.00032	0	0	0
g__GGB9621	0	0	0	0.04143	0	0	0	0	0	0	0	0	0	0	0	0	0	0
g__Dakarella	0	0	0	0	0	0	0	0	0	0	0	0	0	0	0.04011	0	0	0
g__GGB3588	0	0	0	0	0	0	0	0	0	0	0	0	0	0	0	0.01261	0.02745	0
g__GGB3537	0	0	0	0.03874	0	0	0	0	0	0	0	0	0.00129	0	0	0	0	0
g__Lachnotalea	0	0	0	0.01097	0.01519	0	0	0	0	0	0	0	0.01367	0	0	0	0	0
g__GGB3828	0	0	0	0.00402	0	0	0	0	0	0	0	0	0	0	0	0	0	0.03543
g__GGB12794	0	0	0	0	0	0	0.03909	0	0	0	0	0	0	0	0	0	0	0
g__Paraeggerthella	0	0	0	0	0	0	0	0	0	0	0	0.03858	0	0	0	0	0	0
g__GGB3005	0.00182	0	0	0.01963	0	0.01556	0	0	0	0	0	0	0	0	0	0	0	0
g__Candidatus_Metaruminococcus	0	0	0	0	0	0	0	0	0	0	0	0	0.03669	0	0	0	0	0
g__Porphyromonas	0	0	0	0	0	0	0	0	0	0	0	0	0.00059	0	0	0	0.03603	0
g__Weissella	0	0	0	0	0	0	0	0	0	0	0	0	0.021	0.01522	0	0	0	0
g__GGB9424	0	0	0	0	0	0	0	0	0	0	0	0	0	0.02477	0	0	0	0.01075
g__Fenollaria	0	0	0	0	0	0	0	0	0	0	0	0	0	0	0	0	0.03546	0
g__GGB9661	0	0	0	0.03469	0	0	0	0	0	0	0	0	0	0	0	0	0	0
g__Catenibacillus	0	0	0	0	0	0.02604	0	0	0	0	0	0	0	0.00501	0	0	0.00232	0
g__GGB3002	0	0	0	0	0.01558	0	0	0	0	0	0	0	0.00229	0.01465	0	0	0	0
g__GGB51269	0	0	0.03219	0	0	0	0	0	0	0	0	0	0	0	0	0	0	0
g__GGB52106	0	0	0.0034	0.02743	0	0	0	0	0	0	0	0	0	0	0	0	0	0
g__Anaeromassilibacillus	0	0	0	0	0	0.01534	0	0	0	0	0	0	0.01519	0	0	0	0	0
g__Coprobacillus	0	0.03041	0	0	0	0	0	0	0	0	0	0	0	0	0	0	0	0
g__GGB2848	0	0	0.01581	0	0.0103	0	0	0	0	0	0	0	0.00034	0.00326	0	0	0	0
g__Raoultibacter	0.00242	0	0	0	0	0	0	0	0	0	0	0	0	0	0.02425	0	0.00298	0
g__Candidatus_Parachristensenella	0	0	0.01224	0	0	0	0	0	0	0	0	0	0	0.01728	0	0	0	0
g__Candidatus_Alloruminococcus	0	0	0.00195	0	0.00384	0	0	0	0	0	0	0	0.01425	0.00756	0.00177	0	0	0
g__GGB51884	0	0	0	0	0	0	0	0	0	0	0	0	0	0.02859	0	0	0	0
g__GGB9775	0	0	0	0	0.02843	0	0	0	0	0	0	0	0	0	0	0	0	0
g__GGB9581	0	0	0	0	0	0	0	0	0	0	0	0	0	0	0	0	0	0.02716
g__GGB58233	0	0	7e-05	0.00813	0.01125	0	0	0	0	0	0	0	0.00698	0	0	0	0	0
g__GGB9640	0	0	0	0	0	0	0	0	0	0	0	0	0	0	0	0	0.02499	0
g__GGB59744	0	0	0.00532	0	0.01708	0	0	0	0	0	0	0	0.00245	0	0	0	0	0
g__Harryflintia	0.00052	0	0.00347	0	0.00926	0	0	0	0	0	0	0	0	0.01127	0	0	0	0
g__Neobittarella	0.00355	0	0	0.00012	0.00391	0.00206	0	0	0.00046	0	0	0	0.00152	0	0.01005	0.00227	0	0
g__Candidatus_Pararuminococcus	0	0	0	0	0.02223	0	0	0	0	0	0	0	0	0.00162	0	0	0	0
g__GGB3444	0	0	0	0	0	0.008	0	0	0	0	0	0	0	0.00178	0	0.01395	0	0
g__GGB9790	0	0	0	0	0	0	0	0	0	0	0	0	0	0	0	0	0.02276	0
g__Lactobacillus	0	0	0	0	0	0	0	0	0.0156	0	0	0	0	0.00146	0	0	0	0.00567
g__GGB6529	0	0	0	0	0	0	0	0	0	0	0	0	0.02271	0	0	0	0	0
g__GGB3602	0	0	0	0	0	0	0	0	0	0	0	0	0	0.0227	0	0	0	0
g__Pseudoglutamicibacter	0	0	0	0	0	0	0	0	0	0	0	0	0	0	0.00564	0	0.017	0
g__GGB9186	0	0	0	0	0	0	0	0	0	0	0	0	0.02256	0	0	0	0	0
g__GGB9414	0	0	0	0	0	0	0	0	0	0	0	0	0.0223	0	0	0	0	0
g__GGB4768	0	0	0	0	0	0	0	0	0	0	0	0	0	0.02216	0	0	0	0
g__Lacticaseibacillus	0	0	0	0	0	0	0	0	0	0	0.02177	0	0	0	0	0	0	0
g__Sanguibacter	0	0	0	0	0.02024	0	0	0	0	0	0	0	0	0	0.00037	0	0	0
g__Campylobacter	0	0	0	0.0199	0	0	0	0	0	0	0	0	0	0	0	0	0	0
g__GGB9770	0	0	0	0	0.01712	0	0	0	0	0	0	0	0	0.00246	0	0	0	0
g__GGB58158	0	0	0	0	0	0.01513	0	0	0	0	0	0	0.00347	0	0.00064	0	0	0
g__Slackia	0	0	0	0	0	0	0	0	0	0	0	0	0	0	0	0	0	0.01873
g__GGB3528	0	0	0	0	0	0	0	0	0	0	0	0	0	0	0	0	0	0.01871
g__GGB9522	0	0	0	0	0	0	0	0	0	0	0	0	0.00402	0.00158	0.01255	0	0	0
g__GGB38744	0	0	0	0	0.00642	0	0	0	0	0	0	0	0.00297	0.00851	0	0	0	0
g__GGB51959	0	0	0	0	0	0	0	0	0	0	0	0	0	0.01717	0	0	0	0
g__GGB79654	0	0	0.01706	0	0	0	0	0	0	0	0	0	0	0	0	0	0	0
g__Candidatus_Pseudobutyricicoccus	0	0	0	0	0	0	0	0	0	0	0	0	0.01689	0	0	0	0	0
g__GGB9818	0	0	0	0	0	0	0	0	0	0	0	0	0	0	0.01651	0	0	0
g__GGB3061	0	0	0	0	0.00691	0	0	0	0	0	0	0	0	0.00954	0	0	0	0
g__Candidatus_Geddesella	0	0	0	0	0	0	0	0	0	0	0	0	0	0.01638	0	0	0	0
g__GGB9788	0	0	0	0	0	0	0	0	0	0	0	0	0	0.01274	0.00346	0	0	0
g__GGB16040	0	0	0.00124	0.01491	0	0	0	0	0	0	0	0	0	0	0	0	0	0
g__GGB9765	0	0	0	0	0	0	0	0	0	0	0	0	0.0132	0.00277	0	0	0	0
g__Enorma	0	0	0	0	0	0	0	0	0	0	0	0	0.01384	0	0	0	0	0
g__GGB3892	0	0	0	0	0	0	0	0	0	0	0	0	0.00887	0.00494	0	0	0	0
g__GGB35068	0	0	0	0	0	0	0	0	0	0	0	0	0	0	0.00191	0	0.00433	0.00729
g__GGB79741	0	0	0	0	0	0	0	0	0	0	0	0	0.01328	0	0	0	0	0
g__GGB9786	0	0	0	0	0	0	0	0	0	0	0	0	0	0	0	0	0.01326	0
g__GGB4684	0	0	0.01323	0	0	0	0	0	0	0	0	0	0	0	0	0	0	0
g__Massilistercora	0	0	0	0	0	0	0	0	0	0	0	0	0	0.01278	0	0	0	0
g__Candidatus_Paralachnospira	0	0	0	0	0.01068	0	0	0	0	0	0	0	0.00195	0	0	0	0	0
g__GGB3490	0.01252	0	0	0	0	0	0	0	0	0	0	0	0	0	0	0	0	0
g__GGB39037	0	0	0	0	0	0	0	0	0	0	0	0	0	0	0	0	0.01204	0
g__GGB3491	0	0	0	0	0	0	0	0	0	0	0	0	0	0	0	0	0.01191	0
g__Bacilliculturomica	0	0	0.00905	0	0.00025	0	0	0	0	0	0	0	0	0	0.00239	0	0	0
g__Selenomonas	0	0	0	0.01112	0	0	0	0	0	0	0	0	0	0	0	0	0	0
g__GGB9185	0	0	0	0	0	0	0	0	0	0	0	0	0	0.01074	0	0	0	0
g__GGB3534	0	0	0	0	0.01056	0	0	0	0	0	0	0	0	0	0	0	0	0
g__Intestinibacillus	0	0	0	0	0	0	0	0	0	0	0	0	0	0	0.00408	0.00617	0	0
g__GGB51510	0	0	0	0.00667	0	0	0	0	0	0	0	0	0	0	0	0.00346	0	0
g__Bittarella	0	0	0	0	0	0	0	0	0	0	0	0	0.01012	0	0	0	0	0
g__GGB45432	0	0	0	0	0	0	0	0	0	0	0	0	0.00976	0	0	0	0	0
g__GGB9787	0	0	0	0	0	0	0	0	0	0	0	0	0	0.00963	0	0	0	0
g__GGB6554	0	0	0.00934	0	0	0	0	0	0	0	0	0	0	0	0	0	0	0
g__GGB34228	0	0	0	0	0	0	0	0	0	0	0	0	0	0	0.00366	0	0.00184	0.00365
g__GGB9527	0	0	0	0	0	0	0	0	0	0	0	0	0	0.00855	0	0	0	0
g__GGB3486	0	0	0	0	0	0	0	0	0	0	0	0	0	0.00847	0	0	0	0
g__Angelakisella	0	0	0	0	0.00822	0	0	0	0	0	0	0	0	0	0	0	0	0
g__Delftia	0	0	0	0	0	0	0	0	0	0.00768	0.00046	0	0	0	0	0	0	0
g__Candidatus_Avimonas	0	0	0	0	0	0	0	0	0	0	0	0	0	0.00774	0	0	0	0
g__GGB3226	0	0	0.00742	0	0	0	0	0	0	0	0	0	0	0	0	0	0	0
g__GGB6518	0	0	0	0	0	0	0	0	0	0	0	0	0	0	0.00709	0	0	0
g__GGB3204	0	0	0.00701	0	0	0	0	0	0	0	0	0	0	0	0	0	0	0
g__GGB58714	0	0.00686	0	0	0	0	0	0	0	0	0	0	0	0	0	0	0	0
g__Actinobaculum	0	0	0	0	0	0	0	0	0	0	0	0	0.00085	0.00356	0	0	0	0.00232
g__Candidatus_Neochristensenella	0	0	0	0	0	0	0	0	0	0	0	0	0	0.00651	0	0	0	0
g__GGB79758	0	0	0	0.00646	0	0	0	0	0	0	0	0	0	0	0	0	0	0
g__Leuconostoc	0	0	0	0	0	0	0	0	0	0	0	0	0	0.004	0	0	0	0.00188
g__Anaerofilum	0	0	0	0.00139	0	0	0	0	0	0	0	0	0.00248	0.00137	0.00047	0	0	0
g__GGB79634	0	0	0	0	0	0	0	0.00073	0.00439	0	0	0	0	0	0	0.00038	0	0
g__GGB55957	0	0.00501	0	0	0	0	0	0	0	0	0	0	0	0	0	0	0	0
g__GGB4605	0	0	0	0	0	0	0	0	0	0	0	0	0	0.00427	0	0	0	0
g__Faecalitalea	0	0	0	0	0.00424	0	0	0	0	0	0	0	0	0	0	0	0	0
g__Providencia	0	0	0	0	0	0	0	0.00411	0	0	0	0	0	0	0	0	0	0
g__Methylobacterium	0	0	0	0	0	0	0	0	0	0	0	0	0	0.00343	0	0	0	0
g__GGB9620	0	0	0	0	0	0	0	0	0	0	0	0	0.00336	0	0	0	0	0
g__GGB2987	0	0	0	0	0.0032	0	0	0	0	0	0	0	0	0	0	0	0	0
g__GGB1215	0	0	0	0	0	0.00316	0	0	0	0	0	0	0	0	0	0	0	0
g__GGB9400	0	0	0	0	0	0	0	0	0	0	0	0	0	0	0.00305	0	0	0
g__Ellagibacter	0	0	0.00285	0	0	0	0	0	0	0	0	0	0	0	0	0	0	0
g__GGB2945	0	0	0	0	0	0	0	0	0	0	0	0	0	0	0	0	0.00276	0
g__GGB3616	0	0	0	0	0	0	0	0	0	0	0	0	0	0.00244	0	0	0	0
g__GGB4588	0	0	0.00198	0	0	0	0	0	0	0	0	0	0	0	0	0	0	0
g__Paeniclostridium	0	0	0	0	0	0	0	0	0	0	0	0	0	0	0.00197	0	0	0
g__GGB36267	0	0	0	0	0	0	0	0	0	0	0	0	0	0	0.00192	0	0	0
g__Lactonifactor	0	0	0	0	0	0.00174	0	0	0	0	0	0	0	0	0	0	0	0
g__Sanguibacteroides	0	0	0.00045	0	0.00126	0	0	0	0	0	0	0	0	0	0	0	0	0
g__Isoptericola	0	0	0	0	0	0	0	0	0	0	0	0	0	0	0	0	0	0.00165
g__GGB9724	0	0	0	0	0	0	0	0	0	0	0	0	0	0	0.00153	0	0	0
g__GGB80000	0	0	0	0	0	0	0	0	0	0	0	0	0.00151	0	0	0	0	0
g__Victivallis	0	0	0	0	0	0	0	0	0	0	0	0	0	0.00149	0	0	0	0
g__GGB3538	0	0	0	0	0.00146	0	0	0	0	0	0	0	0	0	0	0	0	0
g__GGB80073	0	0	0	0	0	0	0	0	0.00146	0	0	0	0	0	0	0	0	0
g__GGB79652	0	0	0	0	0.00145	0	0	0	0	0	0	0	0	0	0	0	0	0
g__Lautropia	0.00137	0	0	0	0	0	0	0	0	0	0	0	0	0	0	0	0	0
g__Gordonia	0	0	0	0	0	0	0	0	0	0.00127	0	0	0	0	0	0	0	0
g__GGB1146	0	0	0	0	0	0.00122	0	0	0	0	0	0	0	0	0	0	0	0
g__Culturomica	0	0	0	0.00121	0	0	0	0	0	0	0	0	0	0	0	0	0	0
g__GGB9189	0	0	0	0	0	0	0	0	0	0	0	0	0	0	0	0	0	0.00107
g__GGB8965	0	0	0	0	0	0	0	0	0	0	0	0	0.00094	0	0	0	0	0
g__GGB4979	0	0	0.00093	0	0	0	0	0	0	0	0	0	0	0	0	0	0	0
g__GGB9469	0	0	0	0	0.00074	0.00016	0	0	0	0	0	0	0	0	0	0	0	0
g__Raoultella	0	0	0	0	0	0	0	0.00052	0	0	0	0	0	0	0	0	0	0
g__GGB1460	0	0	0	0	0	0	0	0	0	0	0	0	0	0	0	4e-04	0	0
g__Propionibacterium	0	0	0	0	0	0	0	0	0	0	0	0	0	0	0	0	0.00035	0
g__GGB3570	0	0	0	0	0	0	0	0	0	0	0	0	0	0	0	0	0.00033	0
g__GGB2980	0	0	0	0	0	0	0	0	0	0	0	0	0	0	0	0	9e-05	0
g__Anaerofustis	0	4e-05	0	0	0	0	0	0	0	0	0	0	0	0	0	0	0	0
