pathway	C1	C2	C3	C4	C5	C6	N1	N2	N3	N4	N5	N6
 aspartate and glutamate metabolism [PATH:ko00250]	8746.559600000002	2530.8864000000003	5874.961300000002	20425.2824	15702.246799999999	10381.3925	10209.714499999998	3701.0231	15071.533299999997	17478.315430000006	17220.49813	18570.1062
 diarylheptanoid and gingerol biosynthesis [PATH:ko00945]	0.0	92.0241	0.0	61.1123	0.0	787.5110000000001	0.0	0.0	0.0	109.252	0.0	0.0
 kanamycin and gentamicin biosynthesis [PATH:ko00524]	0.0	0.0	151.39679999999996	352.5785	765.7316	187.259	177.4285	96.4958	355.29819999999995	301.7454	354.8624000000001	785.4849999999999
 leucine and isoleucine biosynthesis [PATH:ko00290]	11330.4614	387.0137	3812.6820000000002	5617.47011	12508.817099999998	2041.3193	3272.3822	4739.871500000001	5476.0335	5890.9082	6149.773999999999	8785.013200000001
 leucine and isoleucine degradation [PATH:ko00280]	6224.1513	1194.0193	1192.773	2075.28465	3699.5063	6959.7880000000005	1355.1646	76.7397	3832.2969	3592.7057999999997	3050.0131000000006	4821.1439
 piperidine and pyridine alkaloid biosynthesis [PATH:ko00960]	726.21	199.383	680.4467	1330.3907	1110.8149999999996	520.8969999999999	2081.6689	31.1184	1991.2313000000001	2518.6348	939.72357	304.5048
 serine and threonine metabolism [PATH:ko00260]	7382.982499999999	3108.5103000000004	3590.9118000000003	9722.3332	6868.149899999999	9216.707999999999	8663.0944	3632.8342	13082.538199999999	12398.8306	15384.411420000002	6042.7266
 tyrosine and tryptophan biosynthesis [PATH:ko00400]	7479.9655	2880.6558	2436.9833999999996	11723.618040000003	7013.375000000001	10498.873700000002	4077.1383	5349.7388	18220.12029999999	20963.961900000002	13653.282110000002	6184.222299999999
ABC transporters [PATH:ko02010]	38492.71390000002	9513.961299999994	16011.013400000007	43886.48478	36788.121	23131.565199999997	24600.1028	9187.030899999994	37322.71684999998	48003.27787000001	65388.976500000004	38374.88619999999
AMPK signaling pathway [PATH:ko04152]	1420.1948	0.0	582.4228999999998	2901.6103999999996	1442.7279	0.0	387.4039	181.96	261.3048	328.86719999999997	491.4303	871.65
Acarbose and validamycin biosynthesis [PATH:ko00525]	968.124	20.5934	0.0	827.22	1145.4374	1424.1390000000001	723.3525999999999	133.30540000000002	625.3401	1368.8581000000001	858.7903999999999	1550.545
Adipocytokine signaling pathway [PATH:ko04920]	381.704	0.0	149.0398	1175.2222	716.307	1122.5582000000004	468.9556	184.4112	784.7778000000001	2333.0433999999996	1015.9521	41.0001
African trypanosomiasis [PATH:ko05143]	270.377	0.0	0.0	0.0	0.0	0.0	0.0	89.7792	0.0	0.0	0.0	0.0
Alanine	8746.559600000002	2530.8864000000003	5874.961300000002	20425.2824	15702.246799999999	10381.3925	10209.714499999998	3701.0231	15071.533299999997	17478.315430000006	17220.49813	18570.1062
Alzheimer disease [PATH:ko05010]	482.0219	0.0	755.9183	3174.8788	4453.9568	1564.0766	838.0936999999998	43.5613	2458.0375	1499.2022	979.8101999999999	1340.2640000000001
Amino acid metabolism	1736.0279999999998	25.0334	187.1766	1310.9128	3804.2909999999997	105.20960000000001	820.2286	47.8177	3195.0820999999996	2313.1876	2796.7127	773.6
Amino acid related enzymes [BR:ko01007]	20295.698399999997	21149.827399999995	32517.846650000003	39617.70379000001	21433.187999999995	15250.068225000003	19619.494000000006	10090.3345	21188.46974	28781.900519999996	19487.432500000003	20158.3731
Amino sugar and nucleotide sugar metabolism [PATH:ko00520]	29471.508900000004	4397.3859999999995	8289.642800000001	26974.727699999996	11080.138300000004	13444.3458	11072.149699999998	4489.5665	21810.499399999997	14838.647100000002	22171.808200000007	19155.8823
Aminoacyl-tRNA biosynthesis [PATH:ko00970]	13151.932500000003	21100.160099999994	31751.433400000005	35034.99842	13301.846200000002	12743.699725000002	18586.861500000003	10117.141000000001	19298.292940000007	20919.572219999995	19330.151400000002	21727.579
Aminobenzoate degradation [PATH:ko00627]	700.6129999999999	434.28479999999996	434.2906999999999	1584.362	1299.449	194.8666	218.34029999999998	80.3629	1014.1501000000001	487.53010000000006	1291.0637	1864.197
Amoebiasis [PATH:ko05146]	726.21	46.0127	737.7346000000002	1307.5366	1110.8149999999996	1566.5385999999999	2412.9017	176.6595	2770.2727000000004	1215.7218999999998	556.94287	1140.2839999999999
Amyotrophic lateral sclerosis [PATH:ko05014]	113.006	828.177	416.60179999999997	2408.6994	93.3304	635.3268000000002	147.07600000000002	0.0	1122.3001000000002	857.5082000000001	389.4221	849.3452
Antifolate resistance [PATH:ko01523]	1564.9143000000001	407.93519999999995	448.26619999999997	2777.4225	2609.7003	4341.810300000001	716.6865	596.1246	3787.3662	3845.8736	3651.2459000000003	2568.9424999999997
Antigen processing and presentation [PATH:ko04612]	232.1355	0.0	0.0	0.0	408.457	157.7888	141.45870000000005	0.0	0.0	0.0	32.4982	235.058
Antimicrobial resistance genes [BR:ko01504]	1867.5243	2060.5452	1439.7793	3001.257	1592.9630000000002	1297.7585	2943.6408	689.1032	2385.7335	4223.7593	6272.68158	4013.2488000000003
Apoptosis - fly [PATH:ko04214]	7515.6344	527.16	548.2606999999998	493.32810000000006	71.1805	1324.681	1246.9482	516.7833999999998	736.5930000000002	542.0751	2098.8729000000008	808.3281999999998
Apoptosis [PATH:ko04210]	0.0	0.0	0.0	0.0	0.0	178.34799999999996	0.0	30.9113	0.0	0.0	15.1935	0.0
Arabinogalactan biosynthesis - Mycobacterium [PATH:ko00572]	0.0	55.2019	130.058	378.3134	0.0	108.2847	0.0	284.548	347.8449	84.3565	410.36499999999995	320.45899999999995
Arachidonic acid metabolism [PATH:ko00590]	113.006	0.0	150.1769	399.51570000000004	93.3304	637.9694000000002	44.4054	0.0	924.5411	289.124	0.0	76.6754
Arginine and proline metabolism [PATH:ko00330]	6451.8611	846.2745	1933.1461000000002	4619.5392999999995	5555.128299999998	2355.273	7787.818	462.7129	11661.640300000001	4406.78308	4266.236809999999	3935.3163
Arginine biosynthesis [PATH:ko00220]	4051.6654	665.5554	1605.8094999999998	7722.627100000001	10427.387400000001	2998.7734	5308.512999999998	414.7867	8305.3865	14710.003300000002	7640.089910000002	7986.6985
Ascorbate and aldarate metabolism [PATH:ko00053]	610.195	476.94320000000005	538.8134000000001	525.1912	396.3218	509.8898	61.9161	95.9928	1772.1679000000001	2289.0980999999997	105.0659	0.0
Atrazine degradation [PATH:ko00791]	772.5193	215.84810000000004	127.894	3411.0546999999997	470.3454	0.0	53.2957	24.5423	0.0	1295.8117	59.0895	315.2521
Autophagy - yeast [PATH:ko04138]	0.0	122.586	104.448	0.0	0.0	0.0	0.0	0.0	0.0	0.0	334.45	0.0
Axon regeneration [PATH:ko04361]	0.0	0.0	48.417	70.22399999999999	680.2239999999998	0.0	473.5805	0.0	42.7916	237.3693	360.545	179.433
Bacterial chemotaxis [PATH:ko02030]	2153.9723	2155.2432	828.8744	6782.298099999998	1269.5548000000001	6163.0971	1336.0984	479.44350000000003	490.09430000000003	3199.3298	785.2248999999999	2572.972
Bacterial invasion of epithelial cells [PATH:ko05100]	311.7638	39.8184	0.0	237.268	239.6868	234.243	308.9846	0.0	141.153	423.99979999999994	80.5206	320.87
Bacterial motility proteins [BR:ko02035]	6172.843599999999	5664.7438	7320.6787	8893.0734	5616.462100000002	8544.412500000002	3033.7266000000004	2427.1263000000004	12343.154629999997	12605.98502	9330.269640000004	4796.412199999999
Bacterial secretion system [PATH:ko03070]	11007.24471	2012.6228	7307.708500000001	9310.439219999998	8592.454500000002	12702.5416	6110.965579999999	2360.2085	11066.8487	14946.693140000001	10493.61367	11252.079000000002
Bacterial toxins [BR:ko02042]	2460.9093	312.2504	1265.8672000000001	1534.2159000000001	1398.7864000000002	907.5198	1844.5747	50.8907	1517.8328000000001	3086.2114000000006	1508.6105	2984.2998
Base excision repair [PATH:ko03410]	3097.0626	375.2432	1013.1408999999999	3844.8161000000005	11161.735700000001	3906.3481	4738.3113	597.1030999999999	5436.246	7945.4479	7050.5982	8581.1267
Benzoate degradation [PATH:ko00362]	2533.7209999999995	692.0604	340.8947	890.1056	2908.6683	5852.0625	979.6147	102.801	2738.4996	826.5016000000002	611.9275999999999	2773.5121
Betalain biosynthesis [PATH:ko00965]	0.0	0.0	0.0	0.0	0.0	0.0	0.0	0.0	0.0	0.0	0.0	0.0
Bile secretion [PATH:ko04976]	72.0508	0.0	0.0	0.0	725.0939999999999	0.0	158.435	0.0	0.0	0.0	0.0	143.99
Biofilm formation - Escherichia coli [PATH:ko02026]	3922.4986	2088.7771000000002	1551.9705000000001	2870.9591	9775.2007	10445.002	1834.5654	360.9062	5584.9537	6623.3516	8818.379100000002	6854.168500000001
Biofilm formation - Pseudomonas aeruginosa [PATH:ko02025]	9703.232300000001	1028.5197999999998	1364.5707499999999	2320.4729399999997	2981.6648	2270.7471	3121.7920000000004	465.0739	3986.9814000000006	8104.431900000001	5109.8886	3207.2177
Biofilm formation - Vibrio cholerae [PATH:ko05111]	4840.600600000001	2397.6964	4354.5100999999995	4123.9331999999995	9424.572400000001	3439.0428	2454.708	700.2928999999999	6270.085799999999	5346.1669999999995	11207.182000000003	7210.9218999999985
Biosynthesis of ansamycins [PATH:ko01051]	324.5221	204.1659	2349.3458	1228.8712	965.7173	680.4513	376.3045	2263.1838000000002	1821.8964	2495.2563999999998	1380.1537999999998	1953.5796000000005
Biosynthesis of enediyne antibiotics [PATH:ko01059]	281.004	21.8874	171.0285	316.71	604.106	205.2174	866.732	311.05060000000003	508.6481	230.2728	453.4149	52.9711
Biosynthesis of siderophore group nonribosomal peptides [PATH:ko01053]	0.0	147.769	113.1444	536.1834	0.0	120.668	0.0	322.488	497.653	348.3856	2258.8706	0.0
Biosynthesis of unsaturated fatty acids [PATH:ko01040]	0.0	28.7961	57.1686	6728.2169	0.0	283.3912	38.0051	0.0	2082.4323999999997	2543.9236	752.1291	0.0
Biosynthesis of vancomycin group antibiotics [PATH:ko01055]	891.336	20.5934	0.0	144.1268	1019.7714	605.3320000000001	473.8734	107.68	352.7382	298.0084	709.5733999999999	1550.545
Biosynthesis of various secondary metabolites - part 2 [PATH:ko00998]	463.061	0.0	0.0	527.8891	0.0	0.0	654.082	0.0	583.591	592.3054999999998	109.276	429.571
Biotin metabolism [PATH:ko00780]	4043.4550000000004	354.8429	672.3639000000001	5754.4426	1849.2839999999999	6928.7299	1267.8145000000002	516.4228	4061.8756000000003	6212.515	3196.5245999999997	2764.8536999999997
Bladder cancer [PATH:ko05219]	0.0	0.0	0.0	28.0087	0.0	38.0445	60.4261	0.0	0.0	294.4242000000001	0.0	0.0
Butanoate metabolism [PATH:ko00650]	10953.6641	1750.5553	6049.147779999999	11846.2985	11081.904799999997	12112.3404	4762.0739	1079.2871999999998	9688.839699999999	9211.70273	8062.8922999999995	11493.762200000001
C5-Branched dibasic acid metabolism [PATH:ko00660]	3399.6160999999997	154.8621	1405.7023	2442.2124	3327.0481	1171.096	3242.2966000000006	3243.0666000000006	3968.5973000000004	2202.5714	5085.67357	4325.33
CD molecules [BR:ko04090]	162.01	0.0	0.0	0.0	251.289	529.318	87.2166	143.8338	0.0	0.0	0.0	224.775
Caffeine metabolism [PATH:ko00232]	0.0	331.532	70.3872	0.0	0.0	0.0	0.0	0.0	0.0	0.0	0.0	0.0
Caprolactam degradation [PATH:ko00930]	0.0	93.9009	0.0	58.3882	0.0	355.7480000000001	0.0	0.0	0.0	104.273	0.0	0.0
Carbapenem biosynthesis [PATH:ko00332]	0.0	0.0	0.0	203.327	214.864	428.4833	0.0	19.8284	1345.1981999999998	660.66242	236.062	0.0
Carbohydrate digestion and absorption [PATH:ko04973]	408.4469	0.0	0.0	127.4286	260.545	0.0	649.8579	0.0	128.6934	109.2892	50.0332	480.545
Carbohydrate metabolism	128.4039	108.101	79.7879	758.0527000000001	2021.9135999999999	3476.1081999999997	3631.704	132.489	1229.4835	2836.4563	1512.9636999999998	358.866
Carbon fixation in photosynthetic organisms [PATH:ko00710]	7879.9012999999995	1136.6777	7114.6197	11109.1823	10396.182700000001	7056.8542099999995	6280.2941	3175.5076	8604.042899999999	10100.247340000002	8003.104200000001	8277.507200000002
Carbon fixation pathways in prokaryotes [PATH:ko00720]	11385.989100000003	1212.675	5315.548280000001	12692.956799999998	10586.7808	22771.078409999995	8577.234400000001	1669.8442999999997	16568.489300000005	12739.933099999998	12102.72217	13983.163299999998
Cardiac muscle contraction [PATH:ko04260]	0.0	0.0	0.0	320.4308	0.0	0.0	51.1953	0.0	294.88820000000004	251.55880000000002	172.0893	0.0
Carotenoid biosynthesis [PATH:ko00906]	459.9626	88.8254	75.8149	248.41099999999997	978.9197	0.0	34.5835	0.0	375.26640000000003	156.4247	30.5937	0.0
Cationic antimicrobial peptide (CAMP) resistance [PATH:ko01503]	2756.795	874.6551	1191.8863999999999	7927.2551	5588.3043	3117.2826	4544.069800000001	1259.7923	4311.384599999999	8168.6476	5638.57818	3239.9044999999996
Cell cycle - Caulobacter [PATH:ko04112]	5325.8358	1277.5703999999998	1736.9109600000002	4834.413700000001	5732.818799999999	4187.0677	3988.9755999999998	1683.7208	5912.223	6718.01696	5413.82141	3611.1048
Cell growth	3234.8832999999995	248.89749999999998	850.9010000000001	7891.633718	3504.2909	1666.12729	1220.3306000000002	280.0643	2279.8104000000003	1579.5989	1542.9225000000004	1206.1415
Cell motility	0.0	25.5339	289.119	206.8294	0.0	194.629	33.6513	0.0	884.6297	253.15159999999997	212.3887	0.0
Central carbon metabolism in cancer [PATH:ko05230]	2432.4959999999996	1079.1049	1994.4047000000003	3691.6984	1644.3386999999998	366.09630000000004	3849.4261	842.3653	2243.7995	1131.5838	1772.4794999999995	2661.8401
Chagas disease [PATH:ko05142]	270.377	0.0	0.0	0.0	0.0	0.0	0.0	89.7792	0.0	0.0	0.0	0.0
Chaperones and folding catalysts [BR:ko03110]	9692.332599999998	3916.286200000001	6325.433549999999	18751.006809999995	17875.391699999996	21899.820349999995	11480.565799999997	4077.13783	23280.65	23817.7915	27509.65533000001	26356.298399999996
Chemical carcinogenesis [PATH:ko05204]	65.8513	2329.1606	212.8028	226.7448	0.0	12.2333	251.8753	17.3803	333.7024	909.4876	75.6596	150.998
Chloroalkane and chloroalkene degradation [PATH:ko00625]	676.0463000000001	1164.7368000000001	768.5692000000001	2110.4397	283.8535	453.66970000000003	388.4164	270.7795	3977.6506000000004	2485.6205	1764.0955000000001	1115.3011999999999
Chlorocyclohexane and chlorobenzene degradation [PATH:ko00361]	0.0	73.8845	0.0	181.719	304.633	0.0	0.0	0.0	74.3384	271.7135	472.0801	120.235
Choline metabolism in cancer [PATH:ko05231]	0.0	0.0	48.417	70.22399999999999	680.2239999999998	0.0	473.5805	0.0	42.7916	237.3693	360.545	179.433
Chromosome and associated proteins [BR:ko03036]	24436.1027	12311.019200000002	7937.7435	15812.963490000002	25598.4969	18329.455699999995	13215.421599999998	3961.125	25375.280699999996	22073.962399999993	30126.538089999984	21485.3772
Citrate cycle (TCA cycle) [PATH:ko00020]	6059.451000000001	1544.15812	3482.87388	11550.532399999998	4244.332	14692.6063	3219.7895	1753.2705999999998	13168.895300000002	11562.577339999996	8937.629869999999	7971.824700000001
Cofactor metabolism	506.4801	726.1039999999999	309.9852	5279.5077	677.4495000000002	539.1567	105.592	96.4959	325.32689999999997	399.82599999999996	604.28	159.28840000000002
Coronavirus disease - COVID-19 [PATH:ko05171]	0.0	154.458	65.925	23.701	0.0	0.0	0.0	93.5801	0.0	0.0	0.0	0.0
Cushing syndrome [PATH:ko04934]	34.7326	75.2482	0.0	567.3448000000002	91.0713	261.0255	61.1636	0.0	437.1069	688.6339999999999	220.5682	70.8077
Cyanoamino acid metabolism [PATH:ko00460]	1280.5735	0.0	616.0092	2867.7246999999998	981.1790000000001	763.2124	1470.2654	0.0	4378.2222	4513.024	5588.061	1716.5429999999997
Cysteine and methionine metabolism [PATH:ko00270]	13824.130500000001	3877.6248	4413.1478	12748.498049999998	10638.027744	11360.099900000001	7971.646100000001	1868.7989	11770.297540000001	14341.308719999999	18885.76423	15741.700800000002
Cytoskeleton proteins [BR:ko04812]	3241.628	5797.4611	1756.787	2710.6414999999997	3935.7862999999998	2799.4316	2521.1247000000003	1014.8156999999999	3072.1778000000004	4369.8419	2274.0469100000005	1859.1243000000002
D-Alanine metabolism [PATH:ko00473]	6097.4954	1195.7325	277.36	1804.0492	10207.8603	1095.5846000000001	1891.087	284.2819	2046.6351	3275.2606000000005	3552.8161	983.6405
D-Arginine and D-ornithine metabolism [PATH:ko00472]	2301.748	0.0	0.0	25.8255	182.143	0.0	61.1636	0.0	31.3327	0.0	128.73090000000002	111.773
D-Glutamine and D-glutamate metabolism [PATH:ko00471]	1780.1441	229.8568	890.9392	1714.1597999999997	3206.81	1177.7125999999998	1200.5393	166.7224	1241.4465	4994.535607	3674.6049000000003	1867.7325
DNA repair and recombination proteins [BR:ko03400]	42812.055219999995	13418.712559999998	12817.651339999999	41690.59242000002	53222.85009999999	42022.96617999999	26963.80469999999	7928.093999999999	50224.91598000002	55355.82099000001	56446.939820000014	54690.582699999984
DNA replication [PATH:ko03030]	10443.270599999998	2599.2944	2685.74563	8984.078	17385.0503	6678.888880000001	7498.1302	1830.4766	9728.262959999998	8826.850410000003	12282.38369	11987.795500000002
DNA replication proteins [BR:ko03032]	16086.5389	5801.405500000001	4841.65353	14393.350499999997	24048.439599999998	17361.99568	12402.756200000002	4576.0024	17612.859559999997	15631.603320000002	19700.28365	20636.885599999998
Dioxin degradation [PATH:ko00621]	135.029	0.0	0.0	0.0	0.0	4065.48	0.0	0.0	0.0	0.0	0.0	0.0
Drug metabolism - cytochrome P450 [PATH:ko00982]	65.8513	2329.1606	242.2043	663.7743	19.5937	63.3565	251.8753	17.3803	954.6162	1002.9773	359.8744	248.0502
Drug metabolism - other enzymes [PATH:ko00983]	4872.729	3319.0704	2632.8285999999994	6744.8656	3049.3147999999997	2589.0463999999997	2268.7275999999997	498.3185	3875.2676	4253.7744999999995	4317.731400000001	10497.9261
Energy metabolism	2479.5874000000003	623.8435	1200.3502	6865.507599999998	3857.595299999999	6137.252800000001	3440.7282999999998	443.65409999999997	2573.745	6189.42476	7020.031300000001	5118.5364
Enzymes with EC numbers	29361.28580000001	10719.420247999999	10548.90607	30260.442590000006	29603.383100000003	29521.677100000004	20014.48569999999	7962.4347	38765.13789999997	35813.96555999998	48571.04991999999	40560.01940000002
Epithelial cell signaling in Helicobacter pylori infection [PATH:ko05120]	756.6632999999999	320.3679	406.63840000000005	3419.5795	1125.9084999999995	538.4324	657.2948	115.71	979.3917	2337.2920999999997	395.56690000000015	2820.510400000001
Estrogen signaling pathway [PATH:ko04915]	232.1355	0.0	0.0	0.0	408.457	157.7888	141.45870000000005	0.0	0.0	0.0	32.4982	235.058
Ether lipid metabolism [PATH:ko00565]	0.0	0.0	28.6274	322.1963	0.0	28.3066	44.4054	0.0	924.5411	272.1635	0.0	0.0
Ethylbenzene degradation [PATH:ko00642]	0.0	238.6985	24.9107	80.2861	0.0	0.0	0.0	0.0	0.0	354.29400000000004	0.0	0.0
Exosome [BR:ko04147]	35382.2259	4491.2214	9016.361	19409.734900000003	26016.361199999996	16157.483460000003	18337.869799999997	5172.791630000001	24219.676699999996	19195.3753	27527.53722000001	38357.956699999995
Fat digestion and absorption [PATH:ko04975]	731.9728	175.41299999999995	42.4529	0.0	1217.415	17.4934	711.268	0.0	15.1312	0.0	12.222	193.8229
Fatty acid biosynthesis [PATH:ko00061]	6344.1359999999995	223.58460000000002	2087.4676	9075.8048	5512.1359999999995	4740.213000000001	3674.2670000000007	742.4476000000001	6225.2914	7496.3904999999995	6759.2302	4649.7426000000005
Fatty acid degradation [PATH:ko00071]	3493.7968	1813.6501000000003	1742.2568000000003	4571.0677	4177.4890000000005	1890.2483000000004	1732.3476	499.31419999999997	5614.2595	5769.055699999999	3042.1085	3967.7794000000004
Ferroptosis [PATH:ko04216]	381.704	42.4663	149.0398	1240.4352999999999	1365.1045	1122.5582000000004	761.6985999999999	184.4112	852.106	2448.5896999999995	923.8968	41.0001
Flagellar assembly [PATH:ko02040]	2070.8101	1335.5515	716.7929	2547.134	3123.4007	3872.5394	2274.9361	1038.7279999999998	1642.7299	3330.4239	2348.3328	3924.9659999999994
Flavonoid biosynthesis [PATH:ko00941]	0.0	92.0241	0.0	61.1123	0.0	787.5110000000001	0.0	0.0	0.0	109.252	0.0	0.0
Fluid shear stress and atherosclerosis [PATH:ko05418]	1711.7586999999999	1928.8483	742.36475	712.0636	1087.684	1718.9558999999995	1303.8894	144.24190000000002	3991.2592999999997	965.3258999999999	4259.279200000001	3580.108
Fluorobenzoate degradation [PATH:ko00364]	0.0	0.0	18.4345	65.7412	0.0	0.0	28.471	0.0	47.7345	57.6959	12.8503	0.0
Folate biosynthesis [PATH:ko00790]	6827.541000000001	4493.0307	2109.5139499999996	5302.09226	11912.641900000002	5801.4021	2578.4804999999997	1445.7770999999998	10777.055799999998	14899.003100000004	14270.405600000002	11276.637
FoxO signaling pathway [PATH:ko04068]	324.597	828.177	358.71760000000006	588.7109	53.2182	0.0	431.8852	0.0	590.2574999999999	451.7259	1555.6634000000001	210.8454
Fructose and mannose metabolism [PATH:ko00051]	18913.046000000002	4105.898899999999	4235.7678	14423.6041	20462.9986	6917.980599999999	13795.887600000002	4557.8293	9440.0396	11143.165799999997	12379.314300000005	7518.794300000001
Function unknown	17095.1441	6965.3275	6592.1116999999995	25704.639830000004	19039.8571	14725.311500000007	15528.9087	7243.2797	23273.7719	27028.161669999998	40167.62030000001	28354.092600000004
GABAergic synapse [PATH:ko04727]	644.9259999999999	0.0	229.1818	412.2015	1463.272	830.7189999999999	1341.1121999999998	80.3629	3485.3011	438.9745	3420.7588	4747.9954
Galactose metabolism [PATH:ko00052]	8276.963699999998	2864.7526999999995	3284.5403999999994	8036.319210000001	6299.8402	6505.170299999999	12787.333600000004	887.2328	3855.555	2829.44807	6674.319500000001	9636.5189
General function prediction only	3643.657799999999	1200.75307	2051.6452999999997	13533.128599999998	5802.045899999999	7784.691400000001	6034.075599999999	1336.9723	7366.042699999999	12524.3296	10160.1867	6052.2458
Geraniol degradation [PATH:ko00281]	0.0	332.5994	24.9107	138.67430000000002	0.0	0.0	0.0	0.0	0.0	458.567	0.0	0.0
Global maps only	0.0	1683.9628	33.3327	1080.4948	0.0	303.4310000000001	99.7085	54.4711	396.4372	549.9643	352.4548	0.0
Glucagon signaling pathway [PATH:ko04922]	3344.3369999999995	1307.0554	2465.1868000000004	4129.6503999999995	2946.1311	1347.6932000000002	4029.8106000000002	945.1663000000001	4378.1226	1921.2574	2465.2742	3170.8151
Glucosinolate biosynthesis [PATH:ko00966]	3022.7350000000006	58.5293	242.2598	785.93695	990.5923	834.7183	554.6355	3213.1506000000004	283.89449999999994	837.6515999999998	1454.7473999999997	1981.7259999999999
Glutamatergic synapse [PATH:ko04724]	644.9259999999999	0.0	176.958	341.6049	1070.668	830.7189999999999	1341.1121999999998	80.3629	3439.0133	438.9745	3420.7588	4599.3804
Glutathione metabolism [PATH:ko00480]	3036.6107	4539.1988	1373.6973000000003	5877.55806	6805.766699999999	1889.8829	2078.5309	844.1553000000002	6276.4618	6920.526089999999	12440.2637	2345.7478
Glycan metabolism	0.0	163.878002	393.79389999999995	788.0296999999999	1269.42	1674.3081	1354.4099	155.25279999999998	1836.0692999999999	2417.0479	3616.711	741.498
Glycerolipid metabolism [PATH:ko00561]	2598.6095	434.29589999999996	1330.7668999999999	1675.6933	15017.949399999998	2089.9717	1867.0232	516.0251	4607.2173999999995	2269.9923	4817.88838	1721.424
Glycerophospholipid metabolism [PATH:ko00564]	3956.8853999999997	1180.8558999999998	1635.5366200000003	4341.781000000001	6343.076	4513.1458	2763.8867	892.336	4964.0058	7320.5428999999995	8158.9728	3832.9946
Glycine	7382.982499999999	3108.5103000000004	3590.9118000000003	9722.3332	6868.149899999999	9216.707999999999	8663.0944	3632.8342	13082.538199999999	12398.8306	15384.411420000002	6042.7266
Glycolysis / Gluconeogenesis [PATH:ko00010]	22035.004199999996	4749.101899999999	9871.36428	19644.975659999996	17440.385000000002	16969.033799999997	17057.7841	4018.3302000000003	21395.94620000001	15311.097219999996	15245.200200000001	17760.8556
Glycosaminoglycan binding proteins [BR:ko00536]	2276.8274	445.44576000000006	691.374	2264.6272999999997	1913.5264000000006	938.1797999999999	2077.6249000000003	319.6401	1906.77	3031.0773399999994	2765.1128	5153.9540000000015
Glycosaminoglycan biosynthesis - chondroitin sulfate / dermatan sulfate [PATH:ko00532]	0.0	0.0	0.0	561.0312	0.0	0.0	17.6209	0.0	39.3155	42.8379	0.0	0.0
Glycosaminoglycan degradation [PATH:ko00531]	444.9971	265.082	366.5437999999999	803.6831	431.7951	3470.5151999999994	1083.7691999999997	39.9495	2651.718	955.0454000000002	749.9351000000001	960.0824
Glycosphingolipid biosynthesis - ganglio series [PATH:ko00604]	444.9971	265.082	220.2102	117.3212	431.7951	3014.4519999999993	688.6320999999998	39.9495	102.583	156.8747	0.0	960.0824
Glycosphingolipid biosynthesis - globo and isoglobo series [PATH:ko00603]	444.9971	265.082	220.2102	117.3212	431.7951	3014.4519999999993	688.6320999999998	39.9495	102.583	156.8747	0.0	960.0824
Glycosylphosphatidylinositol (GPI)-anchored proteins [BR:ko00537]	0.0	0.0	66.3099	81.4075	0.0	976.741	1047.2854	0.0	562.4848	288.6874	158.7081	0.0
Glycosyltransferases [BR:ko01003]	12537.5082	1458.6427000000003	3498.5991719999993	17307.095110000006	15202.037900000001	10563.923	7822.519299999999	2116.1641	8702.757400000004	14294.225299999998	12674.835000000001	8763.857
Glyoxylate and dicarboxylate metabolism [PATH:ko00630]	3713.5658000000003	3074.5358	2000.6058999999996	7745.012600000001	5032.1894999999995	6896.280099999999	4246.9692	746.2039	16151.6176	9023.741100000001	14105.049900000002	11675.003000000002
HIF-1 signaling pathway [PATH:ko04066]	4814.483000000001	326.3467999999999	2423.9482	4675.6182	7773.3883000000005	2014.5357000000001	1596.8281999999997	469.1174	2637.2092	1312.1095799999998	2006.07	4377.0272
Hepatocellular carcinoma [PATH:ko05225]	647.818	1645.0334	238.495	172.2077	271.57099999999997	0.0	334.9316	0.0	344.1168	135.851	143.2164	452.99399999999997
Histidine metabolism [PATH:ko00340]	4453.946599999999	1278.7592	615.0194	2107.3160000000003	954.4357999999999	1248.0890999999997	4511.2941	500.67940000000004	7500.913560000001	1547.9763	3153.1587	1092.9524000000001
Homologous recombination [PATH:ko03440]	12322.609300000002	2122.061	3620.88154	10241.5534	8794.640099999999	12066.39618	8334.875999999998	1594.2939	12926.891959999999	13263.53761	13475.973690000003	16370.2534
Human papillomavirus infection [PATH:ko05165]	553.9390000000002	1003.0	185.9228	535.6091	700.6759999999998	219.0072	485.9776	160.634	562.9180000000001	370.3196	252.761	931.9077
Huntington disease [PATH:ko05016]	437.60299999999995	0.0	171.9851	2272.6602000000003	146.5486	635.3268000000002	387.1998	0.0	1265.7473	825.8173	1578.5407	1060.1906
IL-17 signaling pathway [PATH:ko04657]	232.1355	0.0	0.0	0.0	408.457	157.7888	141.45870000000005	0.0	0.0	0.0	32.4982	235.058
Inositol phosphate metabolism [PATH:ko00562]	2499.5076	272.1433	1254.7849	2196.8616999999995	1151.9277	1156.4180000000001	975.6384000000002	239.4016	3355.1277	1231.2666	1963.5208000000002	2416.7508000000003
Insect hormone biosynthesis [PATH:ko00981]	610.195	0.0	78.0876	134.2267	264.2598	88.8598	0.0	76.7397	1271.3611	50.9148	76.9847	0.0
Insulin resistance [PATH:ko04931]	1670.4942	540.5268	933.0809999999999	2090.6186	1817.0167000000001	1569.9742999999999	670.4614	430.53839999999997	4966.952799999999	1902.4509999999998	1386.9337	1546.3320000000003
Insulin signaling pathway [PATH:ko04910]	1583.462	275.0955	511.70029999999997	956.2388	2391.3036	1027.9981	1082.8238999999999	102.801	2700.6781999999994	1705.4634999999998	4562.125	878.5840000000001
Isoquinoline alkaloid biosynthesis [PATH:ko00950]	0.0	0.0	395.348	940.7034	0.0	129.936	51.1953	0.0	549.9628	2388.1218	536.1248	0.0
Legionellosis [PATH:ko05134]	2282.9007999999994	236.5352	613.33534	3529.5652	1153.049	2036.2165	1503.7484	348.243	4283.6283	1223.8313200000002	1274.90129	1218.3324000000002
Limonene and pinene degradation [PATH:ko00903]	610.195	93.9009	78.0876	192.61489999999998	264.2598	88.8598	0.0	76.7397	1271.3611	155.18779999999998	76.9847	0.0
Linoleic acid metabolism [PATH:ko00591]	0.0	0.0	28.6274	322.1963	0.0	28.3066	44.4054	0.0	924.5411	272.1635	0.0	0.0
Lipid biosynthesis proteins [BR:ko01004]	7247.913099999999	342.2974280000001	2184.2261999999996	15763.7642	6681.0359	7144.995400000002	4161.008100000001	751.0091	6940.4898	9061.2467	6477.290180000001	3687.1247999999996
Lipoarabinomannan (LAM) biosynthesis [PATH:ko00571]	0.0	0.0	0.0	51.484	0.0	0.0	0.0	0.0	124.0253	89.52770000000001	598.105	0.0
Lipoic acid metabolism [PATH:ko00785]	0.0	300.63890000000004	45.7991	929.0462	0.0	281.8885	767.19	208.031	236.6452	819.5826000000001	884.8525	539.197
Lipopolysaccharide biosynthesis [PATH:ko00540]	13802.7711	665.8589999999999	3301.7369999999996	14323.3254	12076.0549	8728.9938	4225.2477	985.2072	8575.9129	9128.443299999999	15145.236700000005	7554.817700000001
Lipopolysaccharide biosynthesis proteins [BR:ko01005]	14778.040200000003	968.6477	4236.6991	18437.109	12188.209699999998	11798.753999999999	5695.911599999999	1844.7594	11648.319200000002	12849.7698	18182.988970000006	8965.598700000002
Longevity regulating pathway - multiple species [PATH:ko04213]	1827.0396	828.177	538.9529	1641.8231	1525.0045	1143.5483000000004	788.4981	302.5644	1722.2004000000004	916.971	3743.2476	587.4621999999999
Longevity regulating pathway - worm [PATH:ko04212]	1104.6531	2584.9911	864.7734	2564.7695000000003	2617.1467	2253.16406	1771.1218999999999	418.39623	4131.5814	2875.0663199999995	3396.88652	10354.944
Longevity regulating pathway [PATH:ko04211]	324.597	828.177	293.68850000000003	480.1624	53.2182	0.0	431.8852	0.0	450.35900000000004	428.1083	1369.9282	210.8454
Lysine biosynthesis [PATH:ko00300]	5743.341399999999	1355.5911999999998	1220.6605	6229.893400000001	5453.7376	4768.1346	5543.4643	1617.7277	15025.448399999997	9306.036600000001	10732.93184	5112.516299999999
Lysine degradation [PATH:ko00310]	6995.783299999999	563.8696	1261.4364	3122.1522000000004	4456.0398	1197.2439	4557.9625	146.4478	4614.4877	4536.37252	1975.09601	10363.444600000003
Lysosome [PATH:ko04142]	1067.2563	335.10519999999997	555.8406	625.3858	749.8871	4849.986199999999	1892.9249999999997	102.477	249.97379999999998	568.9672	393.17010000000005	1195.1404
MAPK signaling pathway - fly [PATH:ko04013]	324.597	0.0	24.5359	172.0616	53.2182	0.0	336.0045	0.0	296.9031	198.2087	1279.5234	210.8454
MAPK signaling pathway - plant [PATH:ko04016]	99.6697	1139.4683	532.19802	3075.0240000000003	589.2280000000001	1804.034	660.8003999999999	48.7543	737.9913999999999	1117.4124	2225.568300000001	400.0488
MAPK signaling pathway - yeast [PATH:ko04011]	0.0	828.177	269.1526	308.1008	0.0	0.0	95.8807	0.0	153.4559	229.8996	90.4048	0.0
Mannose type O-glycan biosynthesis [PATH:ko00515]	0.0	0.0	31.6818	0.0	0.0	0.0	0.0	0.0	151.5388	22.4098	163.9376	0.0
Meiosis - yeast [PATH:ko04113]	0.0	0.0	35.0705	151.567	0.0	0.0	0.0	0.0	61.2832	44.3282	0.0	0.0
Membrane trafficking [BR:ko04131]	2112.9349000000007	2336.9655999999995	2383.9908	4413.6489	6320.409199999999	2734.2633999999994	8108.608200000001	627.2269	2989.4205999999995	2380.0495	6951.1162	2939.698
Messenger RNA biogenesis [BR:ko03019]	6222.026920000001	2313.25386	3429.01712	11533.7076	10244.268100000001	9653.342760000001	5486.658100000001	2027.20713	9066.58721	8914.240709999998	11388.370820000002	41259.5247
Metabolism of xenobiotics by cytochrome P450 [PATH:ko00980]	65.8513	2329.1606	242.2043	663.7743	19.5937	63.3565	251.8753	17.3803	954.6162	1002.9773	359.8744	248.0502
Methane metabolism [PATH:ko00680]	7200.591299999998	3324.082000000001	5281.166100000001	17394.989499999996	10680.4856	8867.96911	11322.634699999997	2959.7095	9455.376300000002	12431.091779999999	10387.9295	8678.532099999999
MicroRNAs in cancer [PATH:ko05206]	1353.199	1260.7374	324.1599	261.5165	514.2900000000001	3497.5370000000007	313.551	0.0	367.7659	556.1530999999998	96.3678	1544.951
Mineral absorption [PATH:ko04978]	99.6697	121.4343	263.04542000000004	585.3784	589.2280000000001	2513.862	564.9196999999998	3201.8043000000002	622.9663999999998	837.3512	951.9635000000002	673.2988
Mismatch repair [PATH:ko03430]	11215.2493	1641.7463000000002	3048.1563300000007	9940.033200000002	18393.237	11620.56838	7614.9557	1241.4768	11323.457959999998	15310.272610000002	15383.49559	14043.912599999998
Mitochondrial biogenesis [BR:ko03029]	12969.2354	5914.708780000001	4842.5968	15421.278459999992	18554.590099999998	22039.88179	12071.972700000002	4520.93613	21287.23094	20532.18836	15915.8969	30997.7252
Monobactam biosynthesis [PATH:ko00261]	2193.434	166.9918	267.48410000000007	3331.8862000000004	1049.2662	2155.0384	3194.0238	1014.3019999999999	3489.4842	5317.3626	3695.1471999999994	3205.0298
N-Glycan biosynthesis [PATH:ko00510]	0.0	0.0	73.3414	0.0	0.0	349.44699999999995	579.778	0.0	1375.2759999999996	256.416	41.8794	0.0
NOD-like receptor signaling pathway [PATH:ko04621]	1063.9407	224.491	438.34895	398.7899	816.113	1528.8863999999996	968.9578	114.132	2932.726	606.2452	3427.9972000000007	994.24
Naphthalene degradation [PATH:ko00626]	65.8513	755.8451	646.5130000000001	1867.2707	19.5937	140.5199	388.4164	194.0398	2631.9511	2165.6422	813.8797	995.0661999999999
Necroptosis [PATH:ko04217]	2233.6348	262.1111	629.8769	1764.6473	2970.1834000000003	2311.6368	2436.2245999999996	423.3198	6223.3649	2432.2434999999996	4530.255700000001	6237.9605
Neomycin	0.0	0.0	151.39679999999996	352.5785	765.7316	187.259	177.4285	96.4958	355.29819999999995	301.7454	354.8624000000001	785.4849999999999
Nicotinate and nicotinamide metabolism [PATH:ko00760]	4729.8024000000005	2083.1735999999996	4026.4087999999992	11585.6971	5224.916499999999	4477.8219	3082.7227	998.7362	6329.520000000001	10982.679399999999	5352.1555	7241.847599999999
Nitrogen metabolism [PATH:ko00910]	3295.4538000000002	1515.3875	2130.5854	3649.0802499999995	4232.1226000000015	5489.8264	2272.1704999999997	6025.924299999999	6320.6774000000005	5318.63993	10032.076799999995	19407.027899999997
Nitrotoluene degradation [PATH:ko00633]	66.7636	30.3951	0.0	288.9703	368.043	248.19940000000003	32.9844	369.153	1380.596	657.4873	679.5653	430.4728
Non-alcoholic fatty liver disease [PATH:ko04932]	0.0	0.0	0.0	1967.6258	0.0	0.0	51.1953	0.0	968.8442	578.0928	172.0893	699.045
Non-homologous end-joining [PATH:ko03450]	0.0	0.0	0.0	0.0	0.0	0.0	0.0	0.0	405.425	0.0	318.3520000000001	0.0
Nonribosomal peptide structures [PATH:ko01054]	0.0	0.0	0.0	0.0	0.0	0.0	0.0	0.0	134.452	0.0	108.232	0.0
Novobiocin biosynthesis [PATH:ko00401]	0.0	199.383	498.7424	1768.5237000000002	0.0	577.3628	142.9622	31.1184	1470.2734999999998	2676.8345	1323.4217999999998	187.1728
Nucleotide excision repair [PATH:ko03420]	6799.5649	3325.1630000000005	1976.4405	5611.734900000001	16804.9196	5196.4431	6014.6643	655.1229000000001	5411.170399999999	8771.8562	7869.3805	6598.227899999999
Nucleotide metabolism	0.0	91.7692	0.0	357.4113	319.33	491.8913	67.7108	0.0	209.0983	65.4966	1008.1069	167.043
O-Antigen nucleotide sugar biosynthesis [PATH:ko00541]	17037.831199999997	2433.6056000000003	2728.0088	10790.007800000001	6792.808199999999	5506.1718	2748.0267	640.3408	5045.4836	4288.000899999999	8751.3403	7547.990400000001
One carbon pool by folate [PATH:ko00670]	6822.634499999999	1614.7749	2167.8494	5672.522999999999	7257.3014	8315.292599999999	4553.354700000001	2368.9202	7562.369999999999	8045.78139	11008.1821	5270.8171999999995
Other glycan degradation [PATH:ko00511]	1581.9151000000002	1087.8812999999998	740.7975	1093.14341	1093.6725000000001	7471.228199999999	3818.9773999999998	371.64009999999996	699.2059999999999	1357.88487	858.2287999999999	2861.3361000000004
Other types of O-glycan biosynthesis [PATH:ko00514]	0.0	0.0	31.6818	0.0	0.0	0.0	0.0	0.0	151.5388	22.4098	163.9376	0.0
Others	2838.4610000000002	2172.6914	344.4117	3888.5370999999986	373.716	1201.1906	197.39260000000002	264.8564	8153.847400000002	1933.4344999999998	1929.2575000000002	2943.099
Oxidative phosphorylation [PATH:ko00190]	8493.8714	3060.5311	5408.004070000001	21169.829649999992	8063.943699999999	10037.267600000001	6300.4695	2569.8255	14916.482099999997	14519.405759999998	10205.063089999998	15759.852499999999
PI3K-Akt signaling pathway [PATH:ko04151]	232.1355	0.0	0.0	13.4556	408.457	157.7888	141.45870000000005	0.0	81.4237	23.6176	124.5535	235.058
PPAR signaling pathway [PATH:ko03320]	812.7937000000001	124.39899999999999	1477.8364	1783.4742	1078.9969	1742.3759000000005	2932.5846	184.4112	2760.7726000000002	4652.646599999999	1417.8607	551.6791
Pancreatic secretion [PATH:ko04972]	408.4469	0.0	0.0	127.4286	260.545	0.0	649.8579	0.0	128.6934	109.2892	50.0332	480.545
Pantothenate and CoA biosynthesis [PATH:ko00770]	10476.818699999998	524.7886999999998	3900.1481999999996	5290.411509999999	4353.6213	4708.2148	5205.4493	276.9704	9114.7483	8219.8582	4742.1783000000005	8298.8893
Parkinson disease [PATH:ko05012]	831.8052	224.491	438.34895	2366.4157	407.656	1371.0975999999996	878.6944	114.132	3901.5702	1184.338	3567.588300000001	1458.2269999999999
Pathogenic Escherichia coli infection [PATH:ko05130]	482.0219	0.0	755.9183	1101.4369	4438.8373	1564.0766	786.8983999999998	43.5613	1489.1933	633.9254	807.7208999999998	641.219
Pathways in cancer [PATH:ko05200]	914.6861	1720.2816	238.495	739.5525000000002	771.0993	418.8143	537.5539	0.0	781.2237	824.4849999999999	396.28279999999995	758.8597
Pathways of neurodegeneration - multiple diseases [PATH:ko05022]	113.006	828.177	416.60179999999997	2408.6994	93.3304	635.3268000000002	147.07600000000002	0.0	1122.3001000000002	857.5082000000001	389.4221	849.3452
Penicillin and cephalosporin biosynthesis [PATH:ko00311]	0.0	0.0	0.0	26.4117	0.0	78.3587	209.7658	0.0	76.3524	154.3383	30.7438	401.047
Pentose and glucuronate interconversions [PATH:ko00040]	1260.921	1162.0827	1986.9471000000003	3335.6024	1527.449	532.1129999999999	594.1595	369.9913	3460.2797	5394.227500000001	1811.5495	2373.1735
Pentose phosphate pathway [PATH:ko00030]	11690.447999999997	1626.021	4785.2628	16224.292	7023.318	5525.7833	8121.120900000001	4472.225700000001	8046.047800000002	11326.62106	10240.148300000003	7383.3357000000005
Peptidases and inhibitors [BR:ko01002]	23145.561900000004	9299.219700000003	7074.45456	41942.45911000002	31358.5237	26504.27809	17928.08968	5325.5354	28847.18999999999	36638.75514	32818.86430999999	24330.2751
Peptidoglycan biosynthesis [PATH:ko00550]	17007.9747	4091.5479	5302.6743719999995	16173.989000000001	24622.225499999997	11475.820699999997	11081.085299999995	2858.327	34087.67513	21608.753700000005	18580.384700000002	10618.200399999998
Peptidoglycan biosynthesis and degradation proteins [BR:ko01011]	18141.6826	7104.3514000000005	6420.633671999998	27905.7645	26926.081799999996	16973.2898	12716.535679999995	4220.2926	35778.80983	26018.251307000006	23566.143200000002	13530.5234
Peroxisome [PATH:ko04146]	706.3009999999999	828.177	486.65500000000003	1887.0394999999999	1270.9552	1148.2222000000004	1216.6571	184.4112	1534.6802	3074.0346999999997	2582.8738	376.6823
Pertussis [PATH:ko05133]	4567.8114000000005	445.44576000000006	948.7686000000001	2379.4159	2908.9902000000006	599.5011999999999	2133.3843	359.5896	2158.8821000000003	3046.1232399999994	3457.8155	5389.0120000000015
Phenazine biosynthesis [PATH:ko00405]	334.728	190.5163	69.59585	499.13822000000005	451.8126	1115.4197000000001	80.4485	218.2982	1613.2768	3594.4791	1504.8763	640.239
Phenylalanine	7479.9655	2880.6558	2436.9833999999996	11723.618040000003	7013.375000000001	10498.873700000002	4077.1383	5349.7388	18220.12029999999	20963.961900000002	13653.282110000002	6184.222299999999
Phenylalanine metabolism [PATH:ko00360]	3867.383	1002.8510000000001	1073.3888	1615.7239	620.3426	654.6368	1118.403	589.2314	1626.5	2735.3648999999996	1183.2630000000001	820.4548
Phenylpropanoid biosynthesis [PATH:ko00940]	692.5055	92.0241	80.02369999999998	1426.6366999999998	106.436	1041.7732	1243.4180999999999	284.548	2512.6809	633.2489999999999	487.9902000000001	0.0
Phosphatidylinositol signaling system [PATH:ko04070]	0.0	126.359	272.147	910.4652999999998	1259.7909999999997	146.7446	551.5919	223.2846	904.7900999999999	1383.858	1036.5404	312.454
Phospholipase D signaling pathway [PATH:ko04072]	0.0	0.0	48.417	70.22399999999999	680.2239999999998	0.0	473.5805	0.0	42.7916	237.3693	360.545	179.433
Phosphonate and phosphinate metabolism [PATH:ko00440]	416.392	736.9069999999998	0.0	205.74439999999998	497.365	0.0	225.679	0.0	1335.3101000000001	142.9201	292.2246	414.787
Phosphotransferase system (PTS) [PATH:ko02060]	3780.7802999999994	1926.2883000000002	2867.0609000000004	9734.129600000002	48397.4023	3327.1385	12174.5784	5044.570499999999	12897.964999999998	11348.537699999999	19853.3129	6508.8847000000005
Photosynthesis - antenna proteins [PATH:ko00196]	0.0	0.0	0.0	0.0	0.0	205.782	0.0	0.0	0.0	163.267	0.0	0.0
Photosynthesis [PATH:ko00195]	2162.0622	223.46689999999998	1460.7693999999997	6179.178999999999	2794.6781	2104.7063	2185.1407	733.0304	3615.9578999999994	7583.507	4099.6764	8618.6886
Photosynthesis proteins [BR:ko00194]	2162.0622	449.0881999999999	1460.7693999999997	6355.936000000001	2794.6781	5080.402299999999	2185.1407	805.1315	3959.9678999999996	8186.293199999999	6665.4774	8618.6886
Plant-pathogen interaction [PATH:ko04626]	1214.56	205.96359999999999	293.4732	1148.0654	2723.5433000000003	699.8206000000001	1118.8593	824.2124	958.1898999999999	889.5734999999997	1553.4984	2433.6741999999995
Platinum drug resistance [PATH:ko01524]	99.6697	1766.4677	370.79842	619.4586	589.2280000000001	1543.68	816.7949999999998	48.7543	838.9005999999998	816.7922	768.9518000000002	551.0468000000001
Polycyclic aromatic hydrocarbon degradation [PATH:ko00624]	0.0	134.395	69.2864	99.1171	0.0	0.0	0.0	0.0	65.3261	47.3093	17.5663	0.0
Polyketide biosynthesis proteins [BR:ko01008]	0.0	221.2482	98.3902	513.1569999999999	0.0	2062.038	87.259	49.2714	825.1264	21.9249	1276.5356	632.42
Polyketide sugar unit biosynthesis [PATH:ko00523]	2882.7752	314.59939999999995	200.0915	822.7485	2938.3274	2691.3408	821.7792	133.30540000000002	671.0411	1283.0113000000001	2133.4024	1720.4170000000001
Porphyrin and chlorophyll metabolism [PATH:ko00860]	10275.2627	1290.3153	3317.999500000001	7632.303735999999	9655.0271	8604.712049999998	5565.6183	1847.4633999999999	8183.9136	7660.635800000001	8617.938200000002	8982.6304
Prenyltransferases [BR:ko01006]	984.623	207.43290000000002	262.9499	1671.5896999999998	854.8214999999999	1773.3844	300.1934	446.6396	3301.0760000000005	1943.7307	2838.1737	5035.1335
Primary immunodeficiency [PATH:ko05340]	115.527	0.0	275.3025	229.1977	0.0	0.0	126.482	70.77	2041.9940000000001	202.279	482.1603	288.438
Prion disease [PATH:ko05020]	0.0	0.0	25.8997	2023.2792	0.0	25.664	51.1953	0.0	968.8442	610.6481	299.0173	772.6697999999999
Prodigiosin biosynthesis [PATH:ko00333]	1232.991	0.0	54.7545	851.4936	719.2370000000002	364.1744	632.8602000000002	53.2229	670.3569	1102.8408	1278.214	520.1320000000001
Progesterone-mediated oocyte maturation [PATH:ko04914]	232.1355	0.0	0.0	0.0	408.457	157.7888	141.45870000000005	0.0	0.0	0.0	32.4982	235.058
Prokaryotic defense system [BR:ko02048]	9394.395900000001	6304.7173	6061.5064	15976.676599999997	15510.048799999999	19859.397999999997	4387.8084	3234.2457000000004	9203.133600000001	21005.33434	10919.00569	9947.2323
Prolactin signaling pathway [PATH:ko04917]	556.1379999999998	0.0	136.6339	124.8567	316.4189	50.5276	226.386	0.0	44.1083	225.443	432.391	297.231
Propanoate metabolism [PATH:ko00640]	7212.286299999999	1105.3794999999998	3216.799	6184.239200000002	9672.472699999997	6043.540999999999	4935.5855	826.3021	10821.3336	9042.135529999996	9399.013969999998	11338.705400000004
Prostate cancer [PATH:ko05215]	232.1355	0.0	0.0	0.0	408.457	157.7888	141.45870000000005	0.0	0.0	0.0	32.4982	235.058
Proteasome [BR:ko03051]	232.1355	0.0	0.0	0.0	408.457	157.7888	141.45870000000005	0.0	192.8056	149.2756	395.8978	235.058
Protein digestion and absorption [PATH:ko04974]	162.01	0.0	0.0	0.0	251.289	529.318	87.2166	143.8338	0.0	0.0	0.0	224.775
Protein export [PATH:ko03060]	6406.0056	1414.474	2293.7192999999997	6181.404999999999	5023.674400000001	7548.0079000000005	2630.9671000000003	2080.3278	6008.707700000001	11401.48724	8978.83947	4737.5879
Protein kinases [BR:ko01001]	3828.2028	366.54200000000003	2367.0609	6120.673800000001	5091.758099999999	7945.766999999999	5125.880499999999	127.8638	2836.95391	7094.0044800000005	10131.56388	3647.6290999999997
Protein phosphatases and associated proteins [BR:ko01009]	1403.4935	0.0	667.4754999999998	3650.2967999999996	457.5549	196.3496	207.41500000000005	200.2288	886.6712999999997	1065.3028	2161.3424	1342.1275
Protein processing	2666.9353	526.0623999999999	629.9286	2147.1364	1643.2879	2504.9147000000003	1090.2982	394.4808	1422.9358000000002	3687.8262000000004	2428.474	2600.4861000000005
Protein processing in endoplasmic reticulum [PATH:ko04141]	232.1355	0.0	0.0	0.0	408.457	157.7888	141.45870000000005	0.0	0.0	0.0	32.4982	235.058
Proteoglycans in cancer [PATH:ko05205]	0.0	0.0	116.338	92.3098	819.96	144.935	0.0	0.0	118.3961	54.6194	147.1356	0.0
Proximal tubule bicarbonate reclamation [PATH:ko04964]	398.611	0.0	0.0	105.2797	275.71500000000003	0.0	90.2789	0.0	159.2283	155.0822	98.3206	203.966
Purine metabolism [PATH:ko00230]	22719.1129	14263.45	5734.660900000001	45945.89061	18290.8809	19651.6067	11734.129099999998	8805.413500000002	27143.7543	29706.715120000008	31405.405570000003	48307.301999999996
Pyrimidine metabolism [PATH:ko00240]	14555.392399999999	8233.678600000001	6871.296699999999	32330.309409999998	13540.331399999995	16185.2588	12774.627599999998	3771.1498999999994	13698.699499999999	19714.5886	17218.705510000003	26863.194100000004
Pyruvate metabolism [PATH:ko00620]	12312.020499999999	3413.714000000002	9298.46304	19159.699999999997	12785.154700000001	16910.489109999995	13471.831999999999	2822.7931999999996	27044.88060000001	24404.166269999998	12326.373999999994	16221.981800000003
Quorum sensing [PATH:ko02024]	25040.6768	5157.5179	8408.581749999998	25325.677700000004	24777.24	17546.4311	16522.763380000004	4763.4992999999995	32040.587699999996	32714.396639999995	30515.84707	27070.410600000003
RIG-I-like receptor signaling pathway [PATH:ko04622]	0.0	0.0	149.689	0.0	0.0	0.0	0.0	0.0	0.0	0.0	0.0	0.0
RNA degradation [PATH:ko03018]	5966.0468200000005	1898.4100599999997	2803.4466199999997	10853.7444	9186.369600000002	8508.49576	5219.7390000000005	1993.85453	8625.270110000001	8187.746609999999	9172.532019999999	41212.952600000004
RNA polymerase [PATH:ko03020]	9082.9454	2892.7757	2648.65656	10010.38742	3906.2976999999996	4596.4942	3721.0367000000006	1876.9024999999997	6424.30062	8068.454070000001	7104.538410000001	14531.109300000002
RNA transport [PATH:ko03013]	1609.3988000000002	497.5892	875.6596	1494.0967	201.6244	1131.4754	582.6521	135.1001	2349.1107	2194.3752	1789.3621999999998	25995.291
Renal cell carcinoma [PATH:ko05211]	34.7326	75.2482	0.0	567.3448000000002	91.0713	261.0255	61.1636	0.0	437.1069	688.6339999999999	220.5682	70.8077
Renin-angiotensin system [PATH:ko04614]	0.0	11.4356	42.2659	555.0727999999998	0.0	184.8213	14.9782	60.1006	83.5093	66.7493	13.5088	0.0
Replication and repair	10956.399399999998	4254.120700000001	4253.30134	9539.291700000002	11576.144799999998	14509.312799999998	8164.6664	3342.0506999999993	9892.010999999999	10310.918319999999	6290.072700000001	19456.190000000002
Retinol metabolism [PATH:ko00830]	65.8513	684.1272	134.4513	560.7539	19.5937	63.3565	0.0	17.3803	652.407	867.1263	301.1891	97.0522
Retrograde endocannabinoid signaling [PATH:ko04723]	0.0	0.0	0.0	1647.1950000000002	0.0	0.0	0.0	0.0	673.956	326.534	0.0	699.045
Riboflavin metabolism [PATH:ko00740]	9107.9254	150.74200000000002	406.10400000000004	3750.0575000000003	1561.4381000000003	2911.1873	9705.502	174.58200000000002	4913.0555	6910.366100000001	4522.468499999999	5030.574300000001
Ribosome [BR:ko03011]	26461.20049999999	10297.342200000001	7758.934651000001	42283.307218000016	31870.83550000001	16940.531099999997	22577.4813	8468.880599999999	39263.59428	26474.475319999994	23216.178200000006	46072.2317
Ribosome [PATH:ko03010]	26461.20049999999	10297.342200000001	7758.934651000001	42283.307218000016	31870.83550000001	16940.531099999997	22577.4813	8468.880599999999	39263.59428	26474.475319999994	23216.178200000006	46072.2317
Ribosome biogenesis [BR:ko03009]	22817.494599999995	5190.744400000001	9137.4898	21020.076399999994	22537.110100000005	25974.033899999995	22897.689200000004	8464.3133	30008.8343	27285.654179999994	36155.60555999999	26321.632100000003
Ribosome biogenesis in eukaryotes [PATH:ko03008]	0.0	0.0	166.9321	146.6497	819.96	144.935	0.0	0.0	162.291	134.0881	613.1761	0.0
Salivary secretion [PATH:ko04970]	408.4469	0.0	0.0	127.4286	260.545	0.0	649.8579	0.0	128.6934	109.2892	50.0332	480.545
Salmonella infection [PATH:ko05132]	1545.9626	224.491	1194.26725	1500.2268	5254.9503	3092.9629999999997	1755.8561999999997	157.69330000000002	4421.9193	1240.1706	4235.7181	1635.459
Secondary bile acid biosynthesis [PATH:ko00121]	0.0	61.2931	0.0	252.6845	216.565	67.2731	795.703	0.0	63.4109	146.737	186.4391	0.0
Secondary metabolism	255.368	0.0	25.4948	147.8613	180.1512	642.6381000000001	93.4733	0.0	326.1509	1101.1191999999999	667.9542	693.742
Secretion system [BR:ko02044]	24029.31741	7362.546	17752.541200000003	23923.091249999998	19755.3814	20333.1743	14732.455739999996	5817.497700000001	31969.471060000003	33143.43144	24671.211300000006	19163.948700000004
Selenocompound metabolism [PATH:ko00450]	6044.029199999999	829.5660000000003	1335.2058	15027.6734	4528.702799999999	4392.777799999999	1754.8941000000002	831.5228999999999	5323.641739999999	5937.43904	10329.388930000001	13562.0854
Signaling pathways regulating pluripotency of stem cells [PATH:ko04550]	0.0	0.0	62.6056	297.5817	0.0	241.336	1562.6076	0.0	325.95399999999995	177.70440000000005	61.9657	741.498
Signaling proteins	2471.4591	423.782	603.3465000000001	1990.3265999999999	1183.935	1164.2884	2665.2977	220.49949999999998	2633.1331999999998	2680.1934599999995	2700.4379	2152.7281000000003
Sphingolipid metabolism [PATH:ko00600]	1064.222	772.9073999999998	407.42420000000004	422.29801000000003	408.1681000000001	3276.0754999999995	1710.9512	230.5421	724.53	304.94637	858.6173999999999	1206.3029000000001
Sphingolipid signaling pathway [PATH:ko04071]	0.0	0.0	0.0	0.0	0.0	0.0	0.0	0.0	289.78	52.1366	57.9367	0.0
Spinocerebellar ataxia [PATH:ko05017]	540.886	0.0	0.0	0.0	1233.309	55.5727	339.58	0.0	0.0	0.0	0.0	412.677
Staphylococcus aureus infection [PATH:ko05150]	0.0	0.0	64.4173	878.366	308.992	190.495	2617.7360000000003	22.8521	2352.9936	705.7262	88.19539999999999	1683.409
Starch and sucrose metabolism [PATH:ko00500]	18462.652199999993	1887.3538999999998	6451.091100000001	12793.588	14506.126999999999	8678.745000000004	9839.5083	3275.3359000000005	25463.731900000002	11387.359099999998	19508.847700000006	11033.841299999998
Steroid degradation [PATH:ko00984]	0.0	31.1361	26.5317	0.0	0.0	131.389	0.0	37.6812	0.0	0.0	0.0	0.0
Stilbenoid	0.0	92.0241	0.0	61.1123	0.0	787.5110000000001	0.0	0.0	0.0	109.252	0.0	0.0
Streptomycin biosynthesis [PATH:ko00521]	3348.8732000000005	731.579	535.1508	2564.6242	3856.1757	3750.3693	1543.3409999999997	414.9485	1948.3434999999997	2496.5429000000004	4453.6645	2679.9242
Structural proteins	8606.2463	2223.9121000000005	2987.7502899999995	16259.901820000001	3961.2974	6672.6548999999995	6476.902800000001	1762.7989000000002	7764.5016	8496.3178	7015.9783	4078.3270000000007
Styrene degradation [PATH:ko00643]	792.3417999999998	210.07	526.6319	856.6178	1641.814	130.7519	672.4762000000001	0.0	56.0928	273.34520000000003	19.3824	3292.6040000000003
Sulfur metabolism [PATH:ko00920]	8275.5394	1309.2782	1605.3308000000002	8052.274099999999	4799.3857	1934.9737000000002	2597.2817999999997	929.9922	5181.072579999999	6414.015409999999	6830.67461	4143.0792
Sulfur relay system [PATH:ko04122]	3851.5876000000003	1007.8932	2241.5124	3841.1304000000005	2513.9699	1127.0778	1606.6791999999996	272.97900000000004	8244.8221	6278.816540000002	2991.5346	3162.4332000000004
Synthesis and degradation of ketone bodies [PATH:ko00072]	1013.4728	432.65299999999996	123.52170000000001	83.63119999999999	1450.299	169.42639999999997	711.268	0.0	15.1312	48.6892	40.5076	539.3429
Systemic lupus erythematosus [PATH:ko05322]	0.0	0.0	0.0	88.8302	0.0	0.0	0.0	0.0	29.2794	63.8061	0.0	32.2758
Taurine and hypotaurine metabolism [PATH:ko00430]	1281.4676	249.26839999999999	1248.8015000000003	2130.2126	3248.8798	2215.025	1551.4033	48.7543	3133.6827999999996	2994.2949000000003	2118.1494999999995	1532.4321000000002
Terpenoid backbone biosynthesis [PATH:ko00900]	11467.380000000003	1734.0543000000002	1512.2336100000002	5456.2011	6188.490699999999	4578.0321	6383.038299999998	659.6881	6860.39118	9771.737970000002	5547.144499999999	14497.013899999998
Th17 cell differentiation [PATH:ko04659]	232.1355	0.0	0.0	0.0	408.457	157.7888	141.45870000000005	0.0	0.0	0.0	32.4982	235.058
Thermogenesis [PATH:ko04714]	381.704	0.0	149.0398	3129.3923999999997	716.307	1372.5482000000004	520.1509	184.4112	1672.1983	2887.5185999999994	1142.8261	740.0450999999999
Thiamine metabolism [PATH:ko00730]	9132.308	921.9459999999999	2098.0056999999997	5038.4079	3264.4335	3533.1902999999998	7366.4489	1489.7759000000003	4011.6126999999997	9175.904340000001	2234.7356000000004	4979.0448
Thyroid hormone signaling pathway [PATH:ko04919]	1171.358	0.0	582.4228999999998	2608.2971	49.0979	0.0	65.9563	181.96	37.6599	26.8506	211.9185	727.66
Thyroid hormone synthesis [PATH:ko04918]	113.006	1732.392	437.68039999999996	349.79056	93.3304	637.0319000000002	0.0	0.0	48.0746	16.9605	534.015	76.6754
Toluene degradation [PATH:ko00623]	0.0	0.0	0.0	0.0	0.0	224.29	0.0	0.0	0.0	0.0	401.151	0.0
Transcription	1829.161	272.7384	1126.4501	1869.4843	1386.9633	971.3211	1635.4716	34.5945	772.5607	2211.3873000000003	916.6161	1773.0779000000002
Transcription factors [BR:ko03000]	14881.185800000005	9528.3576	4859.981500000001	17826.0703	20450.8318	14875.787000000002	6128.148200000001	3048.2807	12679.147459999998	21935.92	21264.91768	14822.543299999998
Transcription machinery [BR:ko03021]	13101.272200000001	4071.2149	4645.51366	16800.02102	8458.583399999998	12103.357800000002	11973.441200000001	4007.6895999999992	11368.510619999997	13419.58707	13284.57691	18776.176400000004
Transfer RNA biogenesis [BR:ko03016]	27463.23780000001	26723.430399999994	38141.0466	51498.48022	32172.536500000013	33887.085695	33315.27760000001	15590.022799999995	51744.963050000006	50362.39395	51980.81496	74763.5867
Translation factors [BR:ko03012]	11151.9819	2268.00318	3083.1557999999995	9631.75676	12086.5277	10995.863930000003	7685.0383	2544.240599999999	8678.0205	10355.07433	9941.149880000003	11237.734500000002
Transport	9988.0449	755.3668899999999	4614.375900000001	6012.315199999999	15267.576600000002	5662.7137	3305.0904	1847.1562000000001	9246.299599999998	9207.9252	8894.776629999998	8631.604899999998
Transporters [BR:ko02000]	114152.59990000002	42327.97538999997	47913.62465000002	152402.19725	165360.16979999986	102847.35845999999	81481.24902000005	41010.56185000002	144097.47563999996	147800.34326	194357.67406999992	131641.42740000002
Tropane	726.21	199.383	680.4467	1330.3907	1110.8149999999996	520.8969999999999	2081.6689	31.1184	1991.2313000000001	2518.6348	939.72357	304.5048
Tryptophan metabolism [PATH:ko00380]	2296.7266	1456.1476	590.0781	1770.9590000000003	2199.6877999999997	687.7921	947.3834	146.4478	2628.865	2260.1001999999994	1815.7069	2790.5771
Tuberculosis [PATH:ko05152]	352.8841	74.6624	414.26009999999997	2594.3267000000005	2394.3535	2473.71656	2208.8612000000003	418.39623	3210.9045	4131.04522	3687.25532	9993.1006
Two-component system [BR:ko02022]	7312.850399999999	863.4590999999999	3246.0932	3935.2304000000004	13350.838700000002	12155.114000000001	5525.848600000001	244.01039999999998	3124.35757	7790.259980000001	10756.019279999999	3583.8541999999998
Two-component system [PATH:ko02020]	16907.2848	6576.008099999999	10058.713540000002	18695.96	20290.6424	28351.632100000003	20338.60059999999	5048.728800000001	18234.354169999995	27999.450979999983	31205.434750000004	30452.900999999994
Type I diabetes mellitus [PATH:ko04940]	105.946	74.6624	186.4896	399.7383	990.8548000000001	721.835	619.6087	239.0414	520.8918	453.03662	306.3963	730.0603000000002
Type I polyketide structures [PATH:ko01052]	0.0	0.0	0.0	24.9871	0.0	0.0	0.0	49.2714	193.02140000000003	21.9249	97.705	632.42
Type II diabetes mellitus [PATH:ko04930]	553.9390000000002	1003.0	185.9228	535.6091	700.6759999999998	219.0072	485.9776	160.634	562.9180000000001	370.3196	252.761	931.9077
Tyrosine metabolism [PATH:ko00350]	623.0617	1214.8691000000001	1831.0388	4621.237400000001	185.6943	647.7688	1195.8881000000001	509.7062	5022.636200000001	7045.639460000001	2181.7515	1185.3386
Ubiquinone and other terpenoid-quinone biosynthesis [PATH:ko00130]	1841.2976999999998	654.325	586.0294000000001	3552.9431000000004	1476.277	1470.9652	526.4063	2018.3121999999998	2429.7577	2788.8858	6510.1202	1881.3501
Unclassified viral proteins	762.904	147.3136	422.33334	509.27270000000004	1435.9007	1036.8083	1189.4948	0.0	758.0805	1086.0692	840.1619000000001	416.238
Valine	17554.6127	1581.033	5005.455	7692.754759999999	16208.3234	9001.107299999998	4627.5468	4816.611200000001	9308.330399999999	9483.614	9199.7871	13606.1571
Vancomycin resistance [PATH:ko01502]	5840.7282000000005	2298.2307	2230.4763000000003	2976.697	12697.935	2042.6197000000002	2826.3367	659.1926	5094.06073	5061.314	6857.3586	1930.9434999999999
Various types of N-glycan biosynthesis [PATH:ko00513]	444.9971	265.082	220.2102	117.3212	431.7951	3014.4519999999993	688.6320999999998	39.9495	102.583	156.8747	0.0	960.0824
Vibrio cholerae infection [PATH:ko05110]	470.4663	0.0	240.63400000000001	355.1037	148.954	0.0	69.5674	0.0	444.592	576.8818	186.241	0.0
Viral carcinogenesis [PATH:ko05203]	553.9390000000002	1003.0	185.9228	535.6091	700.6759999999998	219.0072	485.9776	160.634	562.9180000000001	370.3196	252.761	931.9077
Vitamin B6 metabolism [PATH:ko00750]	779.7527	429.0324	883.4361	717.8263000000001	1250.701	842.7697000000001	603.3587	300.6514	3346.2005	3540.1249	2232.7084999999997	1580.4964
Xylene degradation [PATH:ko00622]	135.029	0.0	18.4345	217.7731	304.633	4065.48	28.471	0.0	47.7345	197.6879	12.8503	0.0
Yersinia infection [PATH:ko05135]	0.0	0.0	0.0	111.722	0.0	0.0	0.0	0.0	0.0	149.292	0.0	0.0
Zeatin biosynthesis [PATH:ko00908]	0.0	0.0	0.0	103.302	151.79	460.1534	0.0	109.232	187.996	390.906	153.262	373.152
alpha-Linolenic acid metabolism [PATH:ko00592]	0.0	238.6985	53.5381	402.4824	0.0	28.3066	44.4054	0.0	924.5411	626.4575	0.0	0.0
beta-Alanine metabolism [PATH:ko00410]	2321.2701	160.3618	1215.1201	1507.6010999999999	2150.0963	359.08	218.83370000000002	76.7397	1542.8425	1766.4958000000004	521.6886999999999	2550.07
beta-Lactam resistance [PATH:ko01501]	4395.2219000000005	2802.8673000000003	3442.094568	11956.084099999998	4402.8098	8235.0438	6477.538000000001	1356.6169	13911.5306	12065.978699999998	12941.44648	5875.4652
